1773820899231 837.0469084095182 0
1773820910510 618.8737444794386 1
1773820921640 618.1222297877742 2
1773820932871 618.1847285701152 3
1773820945837 617.9854691046431 4
1773820961382 617.9176215269322 5
1773820976626 617.9311736908339 6
1773820991246 617.7090787435708 7
1773821006232 617.5586309647025 8
1773821022100 617.663205230028 9
1773821036630 617.8073968673287 10
1773821049451 617.6212449680243 11
1773821063331 617.4912289740736 12
1773821076919 617.5706316788595 13
1773821093628 617.6157381433501 14
1773821107762 617.8011146602488 15
1773821121726 617.6924590683934 16
1773821136835 617.5632912119725 17
1773821152775 617.3583976003595 18
1773821168508 617.5618757975666 19
1773821183736 617.6143954460163 20
1773821198212 617.5931676926458 21
1773821214451 617.2353609613052 22
1773821228645 617.4892480331763 23
1773821243761 617.4876810963315 24
1773821259880 617.5006316605946 25
1773821272349 617.2215547252474 26
1773821288755 617.4868122585991 27
1773821303763 617.3556916957484 28
1773821315912 617.3483505439283 29
1773821328150 617.3089362926911 30
1773821340683 617.5004047194027 31
1773821353315 617.1776226928406 32
1773821366157 617.4827465333249 33
1773821378766 617.3350862422192 34
1773821391117 617.2091439644297 35
1773821406592 617.1047584362458 36
1773821420838 617.4721462030958 37
1773821435163 616.9501980141808 38
1773821449606 617.2265314116443 39
1773821463741 616.9035805110028 40
1773821476579 617.069136659998 41
1773821489661 617.0804668245768 42
1773821504591 617.0774152950753 43
1773821518084 616.8167398124561 44
1773821530132 617.0740973265688 45
1773821544492 617.023934495122 46
1773821556367 616.878454574623 47
1773821570410 616.9684718410273 48
1773821582161 616.9066330298522 49
1773821594047 616.7625975573152 50
1773821608986 616.9389062058599 51
1773821622374 616.8727426885666 52
1773821634859 616.8651034005562 53
1773821647359 616.9362981705891 54
1773821659760 616.7573428641531 55
