1774217025968 2241.311529733972 0
1774217043282 1464.6822876382787 1
1774217060017 614.977302690909 2
1774217076572 258.6921859461932 3
1774217093402 181.8734848733353 4
1774217110324 160.91721599153593 5
1774217127605 152.86695936713957 6
1774217144159 149.33160336918124 7
1774217161236 145.57759985392184 8
1774217177949 147.04002584752544 9
1774217195126 142.83570907516605 10
1774217211897 140.34752746429697 11
1774217228342 137.3626716854965 12
1774217246249 134.92046601205024 13
1774217264306 133.44706456950817 14
1774217281686 130.2513947193317 15
1774217299262 127.25667847492136 16
1774217316044 125.7805909142518 17
1774217333183 126.08305266216868 18
1774217350204 124.64138420727011 19
1774217367676 121.86273557691527 20
1774217384854 121.55553191275446 21
1774217402006 120.83624772819228 22
1774217419250 122.89757388046696 23
1774217436088 120.36427911387109 24
1774217453267 118.89765989839931 25
1774217470974 119.9054942583284 26
1774217487133 118.41824815594615 27
1774217504333 117.58114291427536 28
1774217521500 116.26289374023031 29
1774217538074 116.4594721103865 30
1774217555212 115.713377509855 31
1774217571614 115.03952233287538 32
1774217588705 115.15471505722071 33
1774217605653 115.41455805519853 34
1774217622624 115.0863258882291 35
1774217639824 113.06923393719208 36
