1774216634611 2252.163084109492 0
1774216651865 1522.4822872117434 1
1774216668590 647.0283384148571 2
1774216685861 228.33413783881113 3
1774216702843 130.36644681400546 4
1774216720062 110.24706617409298 5
1774216736953 103.45647954702774 6
1774216754126 97.90321656035107 7
1774216771097 97.2739383551523 8
1774216787519 91.6418721203796 9
1774216803679 90.07945297165044 10
1774216821166 87.7112797818049 11
1774216838265 83.9763543800189 12
1774216854996 80.62622940520478 13
1774216871600 77.98550481050462 14
1774216887916 77.67136724538692 15
1774216904600 75.2886455110623 16
1774216922003 73.12297918792572 17
1774216938979 71.77105888709451 18
1774216955818 70.55490266542863 19
1774216973569 69.66940069595312 20
1774216990871 69.71277683150153 21
1774217008883 69.10445050510909 22
