1774208084510 878.0927146873538 0
1774208099574 354.51289474309584 1
1774208113852 201.63021968644787 2
1774208128884 126.04735190697795 3
1774208143592 85.62849829319907 4
1774208157869 62.83331381342375 5
1774208172068 47.82803864248977 6
1774208186971 38.687159552550355 7
1774208201191 31.92274138693405 8
1774208216474 27.39680090283792 9
1774208230559 24.07360995668738 10
1774208245081 21.28470007314063 11
1774208259923 19.233016252120997 12
1774208274979 17.1528193557917 13
1774208289714 15.527265264666616 14
1774208303864 14.126722037494678 15
1774208317841 13.070155561069482 16
1774208332689 11.454254322559782 17
1774208347497 10.136297940017776 18
1774208362168 9.036175262114767 19
1774208376676 8.077709894608738 20
1774208391198 7.523824479139585 21
1774208405338 6.970939617188718 22
1774208419850 6.503497863569593 23
1774208434882 6.027384275604604 24
1774208449014 5.715164754632705 25
1774208463381 5.4438555978498915 26
1774208478166 5.092311943231922 27
1774208492491 4.855663884697659 28
1774208506886 4.659519560126814 29
1774208521125 4.518138253549966 30
1774208535777 4.3851553429779715 31
1774208550326 4.114480911594461 32
1774208564646 4.168118610556629 33
1774208579328 4.050684982845668 34
1774208593784 3.97966069429369 35
