1774201704447 827.3772561173272 0
1774201715341 360.437022077462 1
1774201739032 141.1492403001833 2
1774201767493 75.35258808231195 3
1774201796689 55.75790478901538 4
1774201823118 44.35846308741514 5
1774201833930 34.919310609433495 6
1774201859384 26.747999150027056 7
1774201889575 20.804085420491095 8
1774201919449 16.52317528320033 9
1774201949254 13.00390883333076 10
1774201979063 10.392448933072972 11
1774202009437 8.588369052937741 12
1774202039124 7.537070683353951 13
1774202069017 6.871534324525398 14
1774202098184 6.438821353848881 15
1774202129020 6.298281072975197 16
1774202152967 6.004089704567502 17
1774202164234 5.734367733985533 18
1774202174955 5.705425504440079 19
1774202185642 5.586293478773755 20
1774202195930 5.27065715932608 21
1774202207128 5.226372328851862 22
1774202223002 5.306912914092053 23
1774202252251 5.004280761950425 24
1774202280605 4.977977168738544 25
1774202310297 4.786830715252437 26
1774202339042 4.738803381927795 27
1774202367464 4.663878053079627 28
1774202395118 4.587084561536792 29
1774202422038 4.54019510210453 30
1774202450802 4.437385991686791 31
1774202463476 4.588950087544129 32
1774202475560 4.1764749689229115 33
1774202487194 4.215428663371208 34
1774202497509 4.1169529169450785 35
1774202513397 3.996782923498487 36
1774202524436 3.8778567452994044 37
1774202535617 3.8148160377477054 38
1774202546269 3.7139186010186167 39
1774202558130 3.7002891278306578 40
1774202569589 3.553504529689592 41
1774202581031 3.5428783038689966 42
1774202609310 3.3599087347008423 43
1774202637535 3.3321808806671678 44
1774202661521 3.270089201443207 45
1774202672305 3.2099018666192816 46
1774202683497 3.1784253705559475 47
