1774274450361 17.767629545551898 0
1774274469577 6.455842191920619 1
1774274487674 4.480567937682617 2
1774274506265 2.5878350708954567 3
1774274526170 1.627134681637104 4
1774274544387 1.5062300526418013 5
1774274563541 1.4150442014065159 6
1774274585752 1.2267345623648782 7
1774274604055 1.395724088274907 8
1774274623442 1.1369050387817516 9
1774274642753 1.3203101073474761 10
1774274668850 1.0681419918523476 11
1774274686970 1.05277598905677 12
1774274705271 1.0292921844317637 13
1774274724944 1.007557740651202 14
1774274743463 1.0596482208720852 15
1774274762434 0.9995421911382929 16
1774274782340 1.0685267901313156 17
1774274800598 1.0097800868048352 18
1774274820042 1.1087191080049636 19
1774274450361 17.767629545551898 0
