1774274450359 589.3714749491807 0
1774274469575 124.33635111734377 1
1774274487672 29.133133543298598 2
1774274506262 12.497507789456252 3
1774274526168 4.364505531094599 4
1774274544385 2.3553012387549623 5
1774274563539 1.7971212132602719 6
1774274585750 1.6485342793430842 7
1774274604053 1.4561254343031147 8
1774274623439 1.4468877264793882 9
1774274642749 1.3239947834336165 10
1774274668849 1.2567281011782638 11
1774274686968 1.240911419298632 12
1774274705269 1.233069121203524 13
1774274724941 1.160090982596925 14
1774274743461 1.2658939772675224 15
1774274762432 1.111829527515046 16
1774274782339 1.1037625059591119 17
1774274800596 1.1317680182186425 18
1774274820040 1.1278039284631716 19
1774274450359 589.3714749491807 0
