1774274450366 0.7751419544219971 0
1774274469579 0.9703137874603271 1
1774274487677 0.9857006669044495 2
1774274506269 0.995229959487915 3
1774274526173 0.9981141686439514 4
1774274544389 0.9983840584754944 5
1774274563546 0.9985737800598145 6
1774274585755 0.9989281296730042 7
1774274604058 0.9986124634742737 8
1774274623446 0.9990793466567993 9
1774274642764 0.9987583160400391 10
1774274668853 0.9991873502731323 11
1774274686973 0.99921053647995 12
1774274705274 0.9992454051971436 13
1774274724949 0.9992769360542297 14
1774274743466 0.9992002248764038 15
1774274762437 0.9992883801460266 16
1774274782343 0.9991867542266846 17
1774274800600 0.9992737174034119 18
1774274820045 0.9991244077682495 19
1774274450366 0.7751419544219971 0
