1774274450363 9.944440841674805 0
1774274469578 3.4653944969177246 1
1774274487676 2.4526212215423584 2
1774274506267 1.4465925693511963 3
1774274526171 0.9903912544250488 4
1774274544388 0.927191436290741 5
1774274563543 0.920170247554779 6
1774274585754 0.7624131441116333 7
1774274604056 0.9104475378990173 8
1774274623444 0.7264086008071899 9
1774274642760 0.9027398228645325 10
1774274668852 0.649399995803833 11
1774274686971 0.6429121494293213 12
1774274705273 0.6185019612312317 13
1774274724946 0.6049307584762573 14
1774274743464 0.6373931765556335 15
1774274762435 0.5973605513572693 16
1774274782342 0.6520974636077881 17
1774274800599 0.6011406779289246 18
1774274820043 0.6769272089004517 19
1774274450363 9.944440841674805 0
