1774202830105 847.0385887412581 0
1774202850676 392.0315131569861 1
1774202862206 244.302981663861 2
1774202874090 171.12882180618564 3
1774202901288 111.58224474610188 4
1774202913961 78.93107229857992 5
1774202925039 63.86691144540187 6
1774202935389 53.87977582325356 7
1774202946519 44.84758774413047 8
1774202957091 39.39596370690674 9
1774202967760 36.15831825776822 10
1774202978274 33.8485052486426 11
1774202988733 33.03531210672439 12
1774202999433 31.55873767389434 13
1774203010722 30.49904303146083 14
1774203022098 29.689446603200597 15
1774203033519 29.439826885991405 16
1774203044575 28.467044582779515 17
1774203055252 27.550495347643455 18
1774203066105 26.156834232628643 19
1774203077016 23.86975937238747 20
1774203088177 21.788321296704588 21
1774203098236 19.99311065039103 22
1774203108568 18.65938590013247 23
1774203124160 17.822198982048352 24
1774203152580 16.643259315046414 25
1774203171553 15.921490710507614 26
1774203182429 15.123528107628847 27
1774203192939 13.754389283661041 28
1774203203420 12.817555337896362 29
1774203213769 12.142999984658697 30
1774203224829 11.373254173012224 31
1774203235746 10.865852477348188 32
1774203246678 10.447068371510943 33
1774203257803 10.307564746520285 34
1774203268057 9.610848983790037 35
1774203279239 8.934399308063425 36
1774203290513 8.91830707429451 37
1774203303143 8.881702508783578 38
1774203314698 8.33781250304668 39
1774203333431 8.017307752777455 40
1774203362770 8.329629924253695 41
1774203381882 7.681203630323616 42
1774203410384 7.402814681042054 43
