1774271049950 841.3348199830833 0
1774271064997 386.2938499180138 1
1774271080761 240.15496279669145 2
1774271097838 165.92300151256805 3
1774271114274 93.87994559944099 4
1774271129869 57.772987771541516 5
1774271145225 43.02407300218623 6
1774271160548 34.888014029103815 7
1774271175920 28.47434948183966 8
1774271191357 23.552079491581477 9
1774271206815 20.569839893503392 10
1774271222472 18.293628359517307 11
1774271238777 16.31664629861818 12
1774271255403 14.574163450416943 13
1774271271133 12.469242374102274 14
1774271286361 10.464475218285905 15
1774271301537 9.13845651200477 16
1774271317208 8.07122639730467 17
1774271332846 7.42382184326226 18
1774271348626 6.726023018782866 19
1774271364306 6.309199165367911 20
1774271380581 5.907172314664151 21
1774271396973 5.589746442246945 22
1774271413103 5.330051437337348 23
1774271428638 5.131055627308839 24
1774271444283 4.978770152896854 25
1774271460038 4.622510229864864 26
1774271475771 4.546569526618254 27
1774271491450 4.3555644809777005 28
1774271507139 4.207761518075957 29
1774271523519 4.032731704255368 30
1774271540082 3.9776187796964715 31
1774271556078 3.749249874277318 32
1774271571603 3.6461330356327353 33
1774271586917 3.55136339419277 34
1774271602177 3.4287843653496277 35
1774271617587 3.329386368710944 36
1774271632962 3.280268131207067 37
1774271648391 3.090596281044872 38
1774271663612 3.0997871084416166 39
1774271679583 3.047065204128306 40
1774271695572 2.880934518913851 41
1774271711105 2.924574745039568 42
1774271726175 2.7735068020245706 43
1774271741538 2.6932911059112414 44
1774271756773 2.7420759695641537 45
1774271772080 2.617663644941141 46
1774271787246 2.5290883111615554 47
1774271802531 2.524379979422752 48
1774271817947 2.462064946374149 49
1774271833448 2.4698379640038133 50
1774271849341 2.3441483234682825 51
1774271865598 2.3444518396194947 52
1774271881334 2.3188528219858804 53
1774271897063 2.249845309037689 54
1774271913018 2.1795026300646736 55
1774271928748 2.197599046407862 56
1774271944354 2.1251935760180154 57
1774271959793 2.102261748931087 58
1774271975631 2.0699148934783667 59
1774271991738 2.0693576354929744 60
1774272007599 2.01509938658552 61
1774272022731 2.0206303391473512 62
1774272037993 1.9722511808500223 63
1774272053138 1.907960072476813 64
1774272068496 1.9287331723575052 65
1774272083703 1.954644868982599 66
1774272098969 1.885214610514066 67
1774272114245 1.874773066728673 68
1774271049950 841.3348199830833 0
