1774271049953 22.878733846136324 0
1774271064999 16.59830390813932 1
1774271080764 14.296236751463871 2
1774271097841 11.156475673925463 3
1774271114276 8.34036380477471 4
1774271129870 6.973807240436017 5
1774271145227 6.150855474752196 6
1774271160550 5.571933248389801 7
1774271175922 5.043694878977768 8
1774271191360 4.619253145101519 9
1774271206817 4.322778587740521 10
1774271222473 4.104747647184942 11
1774271238780 4.0434796438977205 12
1774271255405 3.614566520776409 13
1774271271134 3.4224267802128314 14
1774271286363 3.106910534020291 15
1774271301539 2.9346327078433254 16
1774271317210 2.712107820770025 17
1774271332848 2.5979120343699043 18
1774271348628 2.490126184843425 19
1774271364308 2.5265955576624273 20
1774271380584 2.372970115142287 21
1774271396976 2.442061240263292 22
1774271413105 2.3314848344355847 23
1774271428640 2.2175788474875517 24
1774271444285 2.2017101316856595 25
1774271460040 2.0909733366613996 26
1774271475773 2.0721153614671235 27
1774271491452 2.1020364333315498 28
1774271507141 1.97265697517004 29
1774271523522 1.990569471126721 30
1774271540084 1.8889522245796437 31
1774271556080 1.8779256248330989 32
1774271571604 2.0910650089617255 33
1774271586919 1.901538090796051 34
1774271602179 1.831990516063346 35
1774271617589 1.798666285090386 36
1774271632964 1.8426076291867808 37
1774271648393 1.7795323573035438 38
1774271663614 1.7928698144680943 39
1774271679586 1.6778994247021761 40
1774271695575 1.7324586883727804 41
1774271711107 1.6774869476583743 42
1774271726177 1.6377916847948653 43
1774271741540 1.8024439882631043 44
1774271756775 1.6168059115400402 45
1774271772081 1.6109302746289755 46
1774271787248 1.5679497094701769 47
1774271802533 1.623815324745263 48
1774271817949 1.6213014768311982 49
1774271833450 1.4970257199408936 50
1774271849344 1.477951204111289 51
1774271865600 1.4558367294216594 52
1774271881335 1.4685465083279428 53
1774271897065 1.4891457437341529 54
1774271913020 1.4610674795172052 55
1774271928750 1.3753071788640698 56
1774271944356 1.4283008625756772 57
1774271959795 1.3902594696721187 58
1774271975633 1.4534371153642944 59
1774271991741 1.8634588448841978 60
1774272007600 1.5683438691053229 61
1774272022733 1.3231055157451683 62
1774272037995 1.3179301601655433 63
1774272053139 1.3522198792775724 64
1774272068498 1.3138000770556049 65
1774272083704 1.4288003806161746 66
1774272098972 1.4063009464783987 67
1774272114247 1.347126245630288 68
1774271049953 22.878733846136324 0
