1774271049957 0.627167820930481 0
1774271065002 0.803764820098877 1
1774271080766 0.854422926902771 2
1774271097845 0.9113449454307556 3
1774271114279 0.9504527449607849 4
1774271129874 0.965359091758728 5
1774271145230 0.9730523824691772 6
1774271160553 0.9778863191604614 7
1774271175926 0.9818804860115051 8
1774271191362 0.9848017692565918 9
1774271206820 0.986690104007721 10
1774271222477 0.9879988431930542 11
1774271238785 0.9883544445037842 12
1774271255409 0.9906940460205078 13
1774271271137 0.9916570782661438 14
1774271286366 0.9931244850158691 15
1774271301542 0.9938657879829407 16
1774271317214 0.9947608113288879 17
1774271332851 0.9951927065849304 18
1774271348631 0.9955833554267883 19
1774271364311 0.9954530596733093 20
1774271380588 0.9959891438484192 21
1774271396980 0.995752215385437 22
1774271413107 0.9961282014846802 23
1774271428643 0.9964972734451294 24
1774271444288 0.9965472221374512 25
1774271460043 0.9968857765197754 26
1774271475777 0.9969417452812195 27
1774271491455 0.9968527555465698 28
1774271507143 0.9972282648086548 29
1774271523526 0.9971777200698853 30
1774271540088 0.9974585175514221 31
1774271556083 0.9974880814552307 32
1774271571607 0.9968855381011963 33
1774271586922 0.9974244832992554 34
1774271602182 0.9976094365119934 35
1774271617592 0.9976956248283386 36
1774271632967 0.9975816607475281 37
1774271648395 0.9977443814277649 38
1774271663617 0.9977104663848877 39
1774271679590 0.9979946613311768 40
1774271695579 0.9978621602058411 41
1774271711109 0.9979956746101379 42
1774271726180 0.9980894327163696 43
1774271741542 0.997685968875885 44
1774271756778 0.9981380701065063 45
1774271772084 0.9981515407562256 46
1774271787251 0.9982488751411438 47
1774271802536 0.9981218576431274 48
1774271817953 0.9981276988983154 49
1774271833454 0.9984037280082703 50
1774271849348 0.998444139957428 51
1774271865603 0.9984903335571289 52
1774271881338 0.9984638690948486 53
1774271897067 0.9984204769134521 54
1774271913023 0.9984794855117798 55
1774271928752 0.9986527562141418 56
1774271944359 0.9985468983650208 57
1774271959798 0.9986233115196228 58
1774271975637 0.99849534034729 59
1774271991745 0.9975266456604004 60
1774272007603 0.9982479810714722 61
1774272022736 0.9987530708312988 62
1774272037998 0.9987627863883972 63
1774272053142 0.9986975789070129 64
1774272068501 0.998770534992218 65
1774272083707 0.9985458850860596 66
1774272098976 0.9985913634300232 67
1774272114250 0.9987074136734009 68
1774271049957 0.627167820930481 0
