1774271049955 13.847808837890625 0
1774271065000 10.340231895446777 1
1774271080765 8.530817031860352 2
1774271097843 6.5811028480529785 3
1774271114277 4.89280366897583 4
1774271129872 3.986647129058838 5
1774271145229 3.5407073497772217 6
1774271160552 3.2376058101654053 7
1774271175924 2.9891357421875 8
1774271191361 2.744778633117676 9
1774271206818 2.577425718307495 10
1774271222475 2.4111461639404297 11
1774271238782 2.396791934967041 12
1774271255407 2.163862705230713 13
1774271271136 2.102332592010498 14
1774271286364 1.8845053911209106 15
1774271301541 1.7803926467895508 16
1774271317212 1.6177053451538086 17
1774271332849 1.5446429252624512 18
1774271348630 1.4920575618743896 19
1774271364309 1.531600832939148 20
1774271380586 1.432368278503418 21
1774271396978 1.5060335397720337 22
1774271413106 1.430923342704773 23
1774271428641 1.3578240871429443 24
1774271444286 1.338774561882019 25
1774271460041 1.2455439567565918 26
1774271475775 1.272547960281372 27
1774271491453 1.259096622467041 28
1774271507142 1.1619701385498047 29
1774271523524 1.201207160949707 30
1774271540086 1.1177053451538086 31
1774271556082 1.1244182586669922 32
1774271571606 1.3388283252716064 33
1774271586920 1.1426533460617065 34
1774271602180 1.1507731676101685 35
1774271617590 1.0775469541549683 36
1774271632965 1.1434578895568848 37
1774271648394 1.0987707376480103 38
1774271663615 1.0953912734985352 39
1774271679588 1.0136055946350098 40
1774271695577 1.106049656867981 41
1774271711108 1.0102206468582153 42
1774271726179 1.0085421800613403 43
1774271741541 1.1588553190231323 44
1774271756776 0.9732460379600525 45
1774271772083 1.0052272081375122 46
1774271787249 0.9763105511665344 47
1774271802535 1.0463184118270874 48
1774271817951 1.0141379833221436 49
1774271833452 0.9009497761726379 50
1774271849346 0.8788062334060669 51
1774271865602 0.9010017514228821 52
1774271881337 0.8956398963928223 53
1774271897066 0.9432846903800964 54
1774271913021 0.9057677984237671 55
1774271928751 0.8224278092384338 56
1774271944358 0.8731003999710083 57
1774271959797 0.863646388053894 58
1774271975635 0.9240037202835083 59
1774271991743 1.2412266731262207 60
1774272007602 1.0594662427902222 61
1774272022734 0.8161152601242065 62
1774272037997 0.8117627501487732 63
1774272053141 0.8382148146629333 64
1774272068500 0.8035183548927307 65
1774272083706 0.9134894013404846 66
1774272098974 0.8823068141937256 67
1774272114248 0.8309643864631653 68
1774271049955 13.847808837890625 0
