1774214415236 705.7099953142061 0
1774214423246 221.79375436183022 1
1774214431120 85.23586075793884 2
1774214438845 42.93035979120188 3
1774214446718 28.47119964815416 4
1774214454718 21.99117015324496 5
1774214462546 16.7717715658483 6
1774214470885 12.418834299890452 7
1774214478801 9.39970699443595 8
1774214486725 7.806762051860028 9
1774214494670 6.331444398337315 10
1774214502582 5.666709123554325 11
1774214510233 4.9440749139833375 12
1774214517817 4.370165968496669 13
1774214525482 4.076616699405994 14
1774214533698 3.8755068890068576 15
1774214542040 3.5066095866300104 16
1774214550266 3.4066363229926138 17
1774214558315 3.1611305147954907 18
1774214566586 2.979756616316302 19
1774214574980 2.856313369635139 20
1774214583211 2.723319533065631 21
1774214591482 2.582271634639797 22
1774214600009 2.6602457876808434 23
1774214607926 2.578493016928484 24
1774214615830 2.358101149565368 25
1774214623584 2.4933678877730534 26
1774214631610 2.4317850695671934 27
1774214639198 2.214550823617894 28
1774214646994 2.1999386437919095 29
1774214655071 2.148735175315235 30
1774214663336 2.126327309949624 31
1774214671625 2.0750579542407577 32
1774214679436 2.1600491885535926 33
1774214687424 2.099876379609703 34
1774214695518 2.0903558802485662 35
1774214703367 1.9786466479103102 36
1774214711267 2.022823368848461 37
1774214719155 1.9794478991662405 38
