1774208610137 571.5394669975497 0
1774208627032 96.53136124190395 1
1774208643329 26.579815886778363 2
1774208659937 8.845610289327713 3
1774208675764 3.557483548729273 4
1774208689335 3.0262972630200884 5
1774208701811 2.969092782444248 6
1774208709423 2.383370725961771 7
1774208717374 2.3057235604316344 8
1774208724932 2.0810407328724665 9
1774208732396 2.117572098524122 10
1774208739897 2.1786347383667346 11
1774208747953 2.035764372090928 12
1774208755602 1.9104450528514563 13
1774208763199 1.7655886254969135 14
1774208771018 2.2761415814401307 15
1774208779339 1.6696461538308471 16
1774208787453 1.650810589508685 17
1774208795777 1.6775262141584755 18
1774208803669 1.7173786892272074 19
1774208812112 1.5776414843446602 20
1774208820399 1.5681349714464832 21
1774208828591 1.5961903588545698 22
1774208836830 1.8738193771803437 23
1774208845027 1.5251280466054322 24
1774208853153 1.468792447631252 25
1774208861351 1.5187010949542636 26
1774208869658 1.5365276227576563 27
1774208878021 1.497966690884652 28
