1774274844082 705.9174062850627 0
1774274862655 278.7678722625083 1
1774274882287 117.60450595152294 2
1774274900405 49.31615073291968 3
1774274918564 28.096426165695732 4
1774274937884 14.057152912126366 5
1774274956249 8.261694710305397 6
1774274974250 6.284629323381059 7
1774274993050 5.210653284762768 8
1774275011974 4.529777636342015 9
1774275029993 4.002690870077052 10
1774275048607 3.6193979555833424 11
1774275068128 3.218730671185974 12
1774275086124 2.852510885989412 13
1774275104272 2.5533160364374203 14
1774275123882 2.302617384186873 15
1774275141869 2.120978039418552 16
1774275160136 1.9239548095997343 17
1774275179808 1.793050542051065 18
1774275198090 1.7017126449033724 19
1774275216137 1.5859893762262156 20
1774275235047 1.5207161175232407 21
1774275253866 1.4464596850229494 22
1774275271942 1.3833302389434043 23
1774275290372 1.3335676888624828 24
1774275309640 1.2817541650423767 25
1774275327844 1.2795906890157267 26
1774275346199 1.2340567480799154 27
1774275365855 1.1950602308444098 28
1774275383908 1.1963103339604453 29
1774275401936 1.1404805468752028 30
1774275421234 1.1367656936248143 31
1774275439659 1.12441730044835 32
1774275457880 1.0927445777553193 33
1774275476800 1.083020544960989 34
1774275496060 1.07966599819508 35
1774275514229 1.0421085955826104 36
1774275533188 1.066609391083954 37
1774275552777 1.0237233352365223 38
1774275571120 1.013459361402701 39
1774274844082 705.9174062850627 0
