1774274844085 11.799819946289062 0
1774274862659 7.601356029510498 1
1774274882290 4.567225933074951 2
1774274900408 3.0503785610198975 3
1774274918567 2.3085885047912598 4
1774274937889 1.5042955875396729 5
1774274956252 1.2700954675674438 6
1774274974254 1.090029001235962 7
1774274993054 1.007994532585144 8
1774275011977 1.0128059387207031 9
1774275029996 0.938470721244812 10
1774275048612 1.0285942554473877 11
1774275068131 0.9374615550041199 12
1774275086128 0.8137284517288208 13
1774275104276 0.8633820414543152 14
1774275123885 0.9712328314781189 15
1774275141872 0.7644825577735901 16
1774275160140 0.7298427224159241 17
1774275179813 0.7295029163360596 18
1774275198093 0.7632631659507751 19
1774275216140 0.7047116160392761 20
1774275235052 0.7613641023635864 21
1774275253870 0.6556739807128906 22
1774275271946 0.6622413396835327 23
1774275290376 0.6695983409881592 24
1774275309643 0.6475798487663269 25
1774275327847 0.8299688100814819 26
1774275346202 0.7289546132087708 27
1774275365858 0.6204180121421814 28
1774275383911 0.6363460421562195 29
1774275401940 0.6492428779602051 30
1774275421240 0.6118523478507996 31
1774275439663 0.6512507200241089 32
1774275457883 0.7817226648330688 33
1774275476805 0.5768791437149048 34
1774275496063 0.6514441967010498 35
1774275514232 0.6222493648529053 36
1774275533192 0.6129202246665955 37
1774275552780 0.6465500593185425 38
1774275571123 0.5788306593894958 39
1774274844085 11.799819946289062 0
