1774274844084 20.622107840546015 0
1774274862657 13.329558283132922 1
1774274882289 8.311684016282346 2
1774274900407 6.044262698813283 3
1774274918565 4.485201131506086 4
1774274937887 3.132313067802151 5
1774274956251 2.677576506988203 6
1774274974252 2.3413847114353845 7
1774274993052 2.1630113162566094 8
1774275011976 2.0603087373499838 9
1774275029994 1.9466981663615772 10
1774275048610 1.9002762668933664 11
1774275068129 1.7611127602014265 12
1774275086126 1.6026897650136906 13
1774275104274 1.6000147342003457 14
1774275123884 1.5627289413573564 15
1774275141870 1.3912230502223468 16
1774275160138 1.3324701922806172 17
1774275179811 1.2841444119442094 18
1774275198091 1.282750019219948 19
1774275216138 1.219045212033179 20
1774275235050 1.2448068029954498 21
1774275253868 1.1347619481774016 22
1774275271944 1.1292122290921662 23
1774275290374 1.1154411378118132 24
1774275309642 1.095805389473478 25
1774275327846 1.2446499295589841 26
1774275346201 1.203584608003418 27
1774275365856 1.0595874697091603 28
1774275383910 1.0511428040815618 29
1774275401938 1.073778873894706 30
1774275421236 1.0234825182615837 31
1774275439661 1.101808993850315 32
1774275457882 1.143368178875558 33
1774275476803 0.9866978924767532 34
1774275496061 1.0531957178114995 35
1774275514231 1.0526116747291872 36
1774275533190 1.00105129056043 37
1774275552779 1.0347527635292741 38
1774275571122 0.9831328350610993 39
1774274844084 20.622107840546015 0
