1774274844087 0.6970886588096619 0
1774274862660 0.8734444975852966 1
1774274882292 0.9507929086685181 2
1774274900409 0.9739782810211182 3
1774274918568 0.9856711030006409 4
1774274937891 0.9930115938186646 5
1774274956254 0.9948933720588684 6
1774274974255 0.9960952401161194 7
1774274993056 0.9966675043106079 8
1774275011979 0.9969764947891235 9
1774275029998 0.9973007440567017 10
1774275048614 0.9974279403686523 11
1774275068132 0.9977908730506897 12
1774275086129 0.9981704354286194 13
1774275104277 0.9981765151023865 14
1774275123887 0.9982605576515198 15
1774275141873 0.99862140417099 16
1774275160141 0.9987353682518005 17
1774275179815 0.9988254308700562 18
1774275198094 0.9988279938697815 19
1774275216141 0.9989414811134338 20
1774275235054 0.9988963007926941 21
1774275253871 0.9990828037261963 22
1774275271948 0.9990917444229126 23
1774275290378 0.9991137981414795 24
1774275309645 0.9991447329521179 25
1774275327848 0.998896598815918 26
1774275346204 0.9989681839942932 27
1774275365860 0.9992002844810486 28
1774275383912 0.9992129802703857 29
1774275401942 0.9991787672042847 30
1774275421242 0.9992538690567017 31
1774275439664 0.9991353154182434 32
1774275457885 0.9990688562393188 33
1774275476808 0.9993065595626831 34
1774275496064 0.9992099404335022 35
1774275514234 0.999210774898529 36
1774275533195 0.9992862343788147 37
1774275552781 0.9992373585700989 38
1774275571124 0.9993115663528442 39
1774274844087 0.6970886588096619 0
