1774272140744 23.5680284566196 0
1774272156045 21.934573595099316 1
1774272171374 16.936156722852314 2
1774272186909 15.021671153638229 3
1774272202937 13.430474862390268 4
1774272218998 11.786416618260986 5
1774272234302 10.396548402665417 6
1774272249966 9.237421917617601 7
1774272265318 8.296456134230267 8
1774272280718 7.547852762829022 9
1774272296151 6.827149764540888 10
1774272311712 6.214489574878176 11
1774272327145 5.646791590299949 12
1774272342932 5.240650571375169 13
1774272358906 4.789907956443544 14
1774272374967 4.409718764629995 15
1774272390259 4.095029441718342 16
1774272405615 3.843070241476261 17
1774272421033 3.6473930873458325 18
1774272436401 3.392151941423198 19
1774272451824 3.2875562829831124 20
1774272467256 3.162736779799017 21
1774272482548 2.9677470872267193 22
1774272498137 2.8662919561057834 23
1774272514075 2.6347957578255135 24
1774272530314 2.5079899900379616 25
1774272545791 2.3608533257274043 26
1774272561202 2.240058233491892 27
1774272576560 2.1516582969110734 28
1774272591861 2.1138945586832643 29
1774272607125 2.1069523214875967 30
1774272622439 2.0450086165342234 31
1774272637636 1.9459198153090236 32
1774272652875 1.8702544239176968 33
1774272668529 1.9421279763071693 34
1774272684153 1.8202321440024325 35
1774272699997 1.804861811687116 36
1774272715302 1.7279559420072927 37
1774272730529 1.7162903265164082 38
1774272745727 1.8019715055780663 39
1774272761130 1.6640173677583465 40
1774272776450 1.611116078613925 41
1774272791740 1.5793816124098723 42
1774272807131 1.5429981084034488 43
1774272822486 1.5276440571535128 44
1774272838376 1.5102259636115325 45
1774272854821 1.4728290648715636 46
1774272870517 1.5595553307240637 47
1774272886187 1.5016731626318607 48
1774272901642 1.481066580574611 49
1774272917098 1.4198159200603047 50
1774272932320 1.4134303413393692 51
1774272947732 1.401795601571283 52
1774272963195 1.4176990263010005 53
1774272978773 1.3958073608866821 54
1774272994753 1.3737344987045015 55
1774273010927 1.3534713671826022 56
1774273026421 1.34747905948483 57
1774273041577 1.3517897751072816 58
1774273056759 1.3242734374510299 59
1774273072135 1.3468075941172515 60
1774273087436 1.3415333407165662 61
1774273102745 1.320782775192075 62
1774273118113 1.337945600062348 63
1774273133713 1.2968494918336897 64
1774273149553 1.363993679901762 65
1774273165319 1.2894557468649976 66
1774273180959 1.3095578869394435 67
1774273196324 1.2715186892331123 68
1774273211430 1.3779956523372678 69
1774273226696 1.2616526583436032 70
1774273241904 1.3076962254107378 71
1774272140744 23.5680284566196 0
