1774272140746 14.613070487976074 0
1774272156046 13.41455364227295 1
1774272171375 10.50037670135498 2
1774272186911 8.787230491638184 3
1774272202939 7.853579521179199 4
1774272219000 6.949420928955078 5
1774272234304 6.126287460327148 6
1774272249968 5.581759452819824 7
1774272265320 5.044511795043945 8
1774272280720 4.652745246887207 9
1774272296153 4.173262119293213 10
1774272311714 3.8148820400238037 11
1774272327146 3.507279396057129 12
1774272342934 3.2148478031158447 13
1774272358908 2.9559385776519775 14
1774272374969 2.7707762718200684 15
1774272390260 2.5729141235351562 16
1774272405616 2.4636385440826416 17
1774272421035 2.3315722942352295 18
1774272436402 2.156578540802002 19
1774272451825 2.1208078861236572 20
1774272467258 2.0047786235809326 21
1774272482550 1.898883581161499 22
1774272498139 1.8428969383239746 23
1774272514077 1.6380239725112915 24
1774272530316 1.5465691089630127 25
1774272545793 1.455784559249878 26
1774272561203 1.3628456592559814 27
1774272576561 1.3125498294830322 28
1774272591863 1.2770177125930786 29
1774272607127 1.311142086982727 30
1774272622441 1.2372006177902222 31
1774272637637 1.1893199682235718 32
1774272652876 1.126858115196228 33
1774272668531 1.155300259590149 34
1774272684155 1.1009433269500732 35
1774272699998 1.1369330883026123 36
1774272715303 1.0362730026245117 37
1774272730530 1.0299428701400757 38
1774272745728 1.127629280090332 39
1774272761132 1.0047811269760132 40
1774272776452 0.9854172468185425 41
1774272791741 0.9420493245124817 42
1774272807133 0.9289164543151855 43
1774272822488 0.9194066524505615 44
1774272838379 0.913364827632904 45
1774272854823 0.8847907781600952 46
1774272870518 0.9931709170341492 47
1774272886189 0.9200109243392944 48
1774272901644 0.9061470627784729 49
1774272917099 0.8532394170761108 50
1774272932321 0.8565192222595215 51
1774272947733 0.8402069807052612 52
1774272963197 0.8704860210418701 53
1774272978775 0.8530094027519226 54
1774272994755 0.8424072861671448 55
1774273010929 0.8183640241622925 56
1774273026422 0.8201150298118591 57
1774273041578 0.8440471887588501 58
1774273056760 0.8012393116950989 59
1774273072137 0.822429358959198 60
1774273087438 0.8313724994659424 61
1774273102746 0.8121964931488037 62
1774273118114 0.8329986333847046 63
1774273133715 0.7756948471069336 64
1774273149555 0.8586055636405945 65
1774273165322 0.7766532897949219 66
1774273180961 0.8281118869781494 67
1774273196326 0.7755199074745178 68
1774273211432 0.8352342247962952 69
1774273226698 0.7695873975753784 70
1774273241906 0.7981083989143372 71
1774272140746 14.613070487976074 0
