1774272140748 0.6043639183044434 0
1774272156048 0.6573048830032349 1
1774272171377 0.795694887638092 2
1774272186913 0.8392741084098816 3
1774272202942 0.8715209364891052 4
1774272219001 0.9010506272315979 5
1774272234306 0.9230111241340637 6
1774272249969 0.9392213821411133 7
1774272265321 0.9509730339050293 8
1774272280722 0.9594214558601379 9
1774272296154 0.9668007493019104 10
1774272311715 0.9724919199943542 11
1774272327148 0.9772881269454956 12
1774272342936 0.980437695980072 13
1774272358910 0.9836580753326416 14
1774272374970 0.9861493110656738 15
1774272390262 0.9880556464195251 16
1774272405617 0.9894802570343018 17
1774272421036 0.9905242323875427 18
1774272436404 0.9918040633201599 19
1774272451827 0.9923017024993896 20
1774272467260 0.9928751587867737 21
1774272482551 0.9937266111373901 22
1774272498141 0.9941481947898865 23
1774272514080 0.9950552582740784 24
1774272530318 0.995519757270813 25
1774272545794 0.9960300326347351 26
1774272561205 0.9964258670806885 27
1774272576562 0.9967024326324463 28
1774272591864 0.9968171715736389 29
1774272607128 0.9968380331993103 30
1774272622443 0.9970211982727051 31
1774272637638 0.9973028898239136 32
1774272652877 0.9975085854530334 33
1774272668533 0.997313380241394 34
1774272684158 0.997640073299408 35
1774272700000 0.9976797103881836 36
1774272715305 0.9978732466697693 37
1774272730531 0.9979018568992615 38
1774272745729 0.9976871609687805 39
1774272761133 0.9980277419090271 40
1774272776453 0.9981511235237122 41
1774272791743 0.9982232451438904 42
1774272807134 0.9983041882514954 43
1774272822490 0.9983377456665039 44
1774272838381 0.9983754754066467 45
1774272854826 0.9984549283981323 46
1774272870520 0.9982675909996033 47
1774272886190 0.9983937740325928 48
1774272901645 0.9984375834465027 49
1774272917101 0.9985641241073608 50
1774272932323 0.9985769987106323 51
1774272947735 0.9986003637313843 52
1774272963198 0.9985684156417847 53
1774272978777 0.9986122846603394 54
1774272994757 0.9986558556556702 55
1774273010930 0.9986951947212219 56
1774273026424 0.9987066984176636 57
1774273041579 0.9986984133720398 58
1774273056762 0.9987508654594421 59
1774273072139 0.9987080097198486 60
1774273087440 0.9987180829048157 61
1774273102748 0.9987574815750122 62
1774273118116 0.9987249374389648 63
1774273133717 0.9988020658493042 64
1774273149557 0.9986748099327087 65
1774273165324 0.9988157153129578 66
1774273180962 0.9987784624099731 67
1774273196328 0.9988484382629395 68
1774273211433 0.9986474514007568 69
1774273226699 0.9988662004470825 70
1774273241907 0.9987819790840149 71
1774272140748 0.6043639183044434 0
