1774272140742 1002.2440517236155 0
1774272156043 529.2637351286327 1
1774272171372 377.43374279373927 2
1774272186906 250.3600613479073 3
1774272202935 202.603227412447 4
1774272218997 159.31555386807057 5
1774272234299 123.01629865930435 6
1774272249964 96.28058925926263 7
1774272265316 77.13772179894414 8
1774272280716 62.50424138197662 9
1774272296150 51.312644532386294 10
1774272311711 42.744842992606735 11
1774272327143 35.5936280717241 12
1774272342930 29.525251425749868 13
1774272358903 24.728785863159395 14
1774272374965 21.144792661599233 15
1774272390257 18.237660720838722 16
1774272405613 15.800523658170768 17
1774272421032 13.944982232776939 18
1774272436399 12.40482251863953 19
1774272451822 11.18523471744348 20
1774272467254 10.181320435611914 21
1774272482546 9.393194065871814 22
1774272498135 8.476804524448747 23
1774272514073 7.4411615200922 24
1774272530312 6.575541946059423 25
1774272545789 5.88222111074637 26
1774272561200 5.338186249242606 27
1774272576558 4.947602011210529 28
1774272591859 4.646747124533281 29
1774272607123 4.349253628693574 30
1774272622437 4.142073261399641 31
1774272637634 3.882367867527279 32
1774272652873 3.730393635043016 33
1774272668527 3.5662554069191006 34
1774272684151 3.398799704744461 35
1774272699994 3.311760576058787 36
1774272715300 3.127915043357416 37
1774272730527 3.005666472387652 38
1774272745725 2.9115497184560652 39
1774272761128 2.8127780822997397 40
1774272776448 2.699577545231961 41
1774272791738 2.634890558449089 42
1774272807130 2.5202705767137785 43
1774272822484 2.442349982177112 44
1774272838374 2.3864143435836684 45
1774272854818 2.3367348135785853 46
1774272870515 2.265373501794558 47
1774272886185 2.2199436749549624 48
1774272901640 2.1791791305051627 49
1774272917096 2.120566542689682 50
1774272932318 2.095234362157524 51
1774272947730 2.041015496067967 52
1774272963193 2.0300933860295207 53
1774272978770 2.0032696267391774 54
1774272994751 1.9667799428422401 55
1774273010925 1.915959731484136 56
1774273026419 1.891043389731265 57
1774273041575 1.880379540066347 58
1774273056757 1.8582784992160526 59
1774273072132 1.823662928021546 60
1774273087435 1.800984928793941 61
1774273102743 1.7997953435207934 62
1774273118111 1.7855171696514103 63
1774273133710 1.755782869267971 64
1774273149551 1.7247937786663678 65
1774273165316 1.7309306999470324 66
1774273180957 1.7120311708315044 67
1774273196323 1.7025244119742238 68
1774273211428 1.6750372677830094 69
1774273226694 1.6533296814201572 70
1774273241902 1.657578131831284 71
1774272140742 1002.2440517236155 0
