1774220056918 989.7819364931738 0
1774220081807 125.66968806769805 1
1774220106476 96.69137785240338 2
1774220130933 78.44741879049037 3
1774220155457 66.61451633599356 4
1774220179975 58.554026275228544 5
1774220204338 52.790497730655005 6
1774220229324 46.93162575656682 7
1774220253936 43.4695498328439 8
1774220278114 37.94819566215731 9
1774220302066 35.90707596129863 10
1774220326989 34.97690797129804 11
1774220351650 33.919442049873844 12
1774220375799 31.02264643588201 13
1774220400452 28.57632365044262 14
1774220428168 29.258441966305952 15
1774220453207 27.24565586115477 16
1774220477699 26.03899501445091 17
1774220502368 25.664371814188268 18
1774220526639 25.224310806706026 19
