1774211892849 997.2847090989302 0
1774211906114 154.84703348321645 1
1774211918559 114.00721886709407 2
1774211930927 91.81831617561632 3
1774211943111 74.1117170590926 4
1774211955420 64.61654511386662 5
1774211968291 60.08866161276616 6
1774211980932 54.38454915838511 7
1774211993445 51.01040526912137 8
1774212006084 48.65075638845637 9
1774212018890 48.955748451728 10
1774212031553 44.106536332065374 11
1774212044526 43.579824162005586 12
1774212057207 41.29584796416779 13
1774212069639 42.88292989556285 14
1774212082411 41.687200758897525 15
1774212095115 39.588840611564144 16
1774212108334 38.57512457874571 17
1774212120981 38.08278146639045 18
1774212133312 37.60896275563169 19
1774212146092 36.738934305860674 20
1774212158657 37.97141507382004 21
1774212171658 36.61395356659088 22
1774212184231 38.02618636704126 23
1774212196743 36.37573708710377 24
