1774273264593 0.787066638469696 0
1774273280711 0.9252135157585144 1
1774273296809 0.9587827324867249 2
1774273313097 0.9703822731971741 3
1774273329200 0.9787241816520691 4
1774273345642 0.9856567978858948 5
1774273362903 0.9908795356750488 6
1774273379211 0.9936429262161255 7
1774273395132 0.9957039952278137 8
1774273411195 0.9963223934173584 9
1774273427254 0.9966681003570557 10
1774273443184 0.9977099299430847 11
1774273459445 0.9975637793540955 12
1774273476410 0.9979564547538757 13
1774273492562 0.9980701804161072 14
1774273508606 0.998432457447052 15
1774273524671 0.9984315633773804 16
1774273540919 0.9984546899795532 17
1774273557220 0.9986684918403625 18
1774273574292 0.9986005425453186 19
1774273590827 0.9986149072647095 20
1774273606711 0.9987935423851013 21
1774273622699 0.9984801411628723 22
1774273638504 0.9988501667976379 23
1774273654678 0.9987398982048035 24
1774273670836 0.9984157681465149 25
1774273687739 0.9985349178314209 26
1774273703794 0.9986729025840759 27
1774273719677 0.9989573955535889 28
1774273264593 0.787066638469696 0
