1774273264588 681.4369784957128 0
1774273280706 176.2586067416144 1
1774273296800 76.34989499707594 2
1774273313092 48.772056525480664 3
1774273329195 34.36185210816404 4
1774273345636 24.46159901517503 5
1774273362896 16.427462155091845 6
1774273379205 10.622076444592036 7
1774273395127 7.395487682193729 8
1774273411190 5.509698075605622 9
1774273427249 4.466713277160698 10
1774273443180 3.7068345081721636 11
1774273459437 3.2071684932877833 12
1774273476405 2.883498726795751 13
1774273492557 2.6543824040720647 14
1774273508601 2.404708092939769 15
1774273524666 2.286699374728169 16
1774273540914 2.1738684276739755 17
1774273557212 2.0334395051847958 18
1774273574285 1.9664362037012764 19
1774273590822 1.8877198290317616 20
1774273606706 1.8311061225038894 21
1774273622693 1.7934675822232633 22
1774273638499 1.7625214332807149 23
1774273654673 1.7164243363530924 24
1774273670829 1.6534701795020001 25
1774273687732 1.6434240241845448 26
1774273703790 1.6049361200408732 27
1774273719673 1.5982064101712923 28
1774273264588 681.4369784957128 0
