1774273264591 10.775653839111328 0
1774273280709 6.494805812835693 1
1774273296806 4.729365825653076 2
1774273313096 4.036475658416748 3
1774273329199 3.578000783920288 4
1774273345641 2.8814966678619385 5
1774273362901 2.3808963298797607 6
1774273379209 1.992850661277771 7
1774273395131 1.5711861848831177 8
1774273411193 1.4410573244094849 9
1774273427252 1.4117419719696045 10
1774273443183 1.1002014875411987 11
1774273459442 1.1981699466705322 12
1774273476408 1.0583016872406006 13
1774273492561 1.1031248569488525 14
1774273508604 0.9438182711601257 15
1774273524670 0.9505595564842224 16
1774273540918 0.9480589032173157 17
1774273557218 0.8564227819442749 18
1774273574290 0.8953766226768494 19
1774273590825 0.87064528465271 20
1774273606709 0.8264023661613464 21
1774273622697 0.9793789982795715 22
1774273638503 0.7897659540176392 23
1774273654676 0.8386160731315613 24
1774273670834 1.0557540655136108 25
1774273687737 0.9347546696662903 26
1774273703793 0.9565331339836121 27
1774273719676 0.7709782123565674 28
1774273264591 10.775653839111328 0
