1774273264590 17.29008889717649 0
1774273280708 10.246765370668124 1
1774273296803 7.607026977475179 2
1774273313094 6.44838705077794 3
1774273329197 5.465355915231081 4
1774273345639 4.487436983733966 5
1774273362899 3.5783588716128367 6
1774273379207 2.9874793079888637 7
1774273395130 2.4558768418462873 8
1774273411191 2.2722601185037283 9
1774273427251 2.1628257991148745 10
1774273443181 1.7930864283022088 11
1774273459440 1.849419621338277 12
1774273476407 1.6938132411509947 13
1774273492559 1.6460092024053439 14
1774273508603 1.4835012976599284 15
1774273524668 1.4839077665914302 16
1774273540916 1.4729469073193426 17
1774273557216 1.367262658369428 18
1774273574288 1.4016992474616203 19
1774273590824 1.394492269019263 20
1774273606708 1.3014625849846977 21
1774273622695 1.4607628702657296 22
1774273638501 1.2705418716310568 23
1774273654675 1.3300804552682415 24
1774273670832 1.4913601803745504 25
1774273687734 1.4341774565523384 26
1774273703792 1.3649890772064603 27
1774273719675 1.209857237330659 28
1774273264590 17.29008889717649 0
