1774286474295 21.93260829542681 0
1774286488441 13.90558723842012 1
1774286502563 10.70252158141639 2
1774286516714 8.89503002485469 3
1774286531193 7.568426158979539 4
1774286545412 6.444575301117024 5
1774286559528 5.366075603246822 6
1774286573648 4.405488076855106 7
1774286587788 3.6320943143001108 8
1774286601937 3.0973217315730235 9
1774286616180 2.7943471214970237 10
1774286630491 2.554158287179798 11
1774286644802 2.4115279141652786 12
1774286658986 2.3051810043330736 13
1774286673539 2.254620364558355 14
1774286688523 2.1482483936660284 15
1774286702992 1.9292123186327574 16
1774286717444 1.8076900589081408 17
1774286731893 1.7270248967658435 18
1774286746176 1.678857003648417 19
1774286760451 1.5347688686057923 20
1774286774901 1.482907583807861 21
1774286789094 1.466456469009731 22
1774286803038 1.4588670389773535 23
1774286817047 1.3572002422060472 24
1774286831185 1.3559366347606225 25
1774286845003 1.3346860054166727 26
1774286858927 1.3033316871424536 27
1774286872856 1.2923808072025444 28
1774286886861 1.3502908358064263 29
1774286900728 1.2307858981782904 30
1774286914749 1.2689378495985526 31
1774286928690 1.206769303721629 32
1774286942722 1.2168596719913802 33
1774286956682 1.2384859511556932 34
1774286970566 1.2677004715428353 35
1774286474295 21.93260829542681 0
