1774286474293 805.7680325880118 0
1774286488439 324.72545953845304 1
1774286502561 147.53549118583084 2
1774286516712 94.18030974205504 3
1774286531191 65.80612679068923 4
1774286545410 49.18010213865456 5
1774286559526 34.601158115035254 6
1774286573646 24.17835238132071 7
1774286587786 15.780932947253504 8
1774286601935 11.151480284988457 9
1774286616179 8.797920487451215 10
1774286630489 7.398284033680638 11
1774286644800 6.4712422908620635 12
1774286658984 5.624532230356906 13
1774286673536 4.908594575756831 14
1774286688520 4.371211056168198 15
1774286702990 3.8984772338934826 16
1774286717442 3.471287377337192 17
1774286731890 3.101502890493853 18
1774286746175 2.8608486679851586 19
1774286760449 2.6569181651088365 20
1774286774899 2.420681988939326 21
1774286789093 2.274998762294756 22
1774286803037 2.108466392501872 23
1774286817045 1.99048698117547 24
1774286831183 1.948205848746266 25
1774286845001 1.8197481657596344 26
1774286858925 1.7874212279810127 27
1774286872854 1.7387325526974726 28
1774286886859 1.6687553248084184 29
1774286900726 1.668290803618465 30
1774286914747 1.6052526960558926 31
1774286928688 1.602577825175955 32
1774286942721 1.5477596219127059 33
1774286956680 1.5472891844333487 34
1774286970564 1.5311485658934776 35
1774286474293 805.7680325880118 0
