1774286474297 13.323332786560059 0
1774286488442 8.594731330871582 1
1774286502564 6.470302104949951 2
1774286516716 5.506525039672852 3
1774286531194 4.511373996734619 4
1774286545413 3.89308762550354 5
1774286559530 3.241563558578491 6
1774286573650 2.5789499282836914 7
1774286587789 2.1047205924987793 8
1774286601938 1.744535207748413 9
1774286616182 1.4708359241485596 10
1774286630493 1.3405213356018066 11
1774286644803 1.2791084051132202 12
1774286658988 1.2590086460113525 13
1774286673541 1.2278153896331787 14
1774286688525 1.242920994758606 15
1774286702994 1.1096612215042114 16
1774286717446 1.052478551864624 17
1774286731894 0.9745369553565979 18
1774286746178 0.9861264228820801 19
1774286760452 0.9095770716667175 20
1774286774903 0.882182776927948 21
1774286789096 0.8924475312232971 22
1774286803040 0.8952426910400391 23
1774286817048 0.8274328708648682 24
1774286831186 0.8428308367729187 25
1774286845004 0.8399587273597717 26
1774286858928 0.793478786945343 27
1774286872857 0.8020404577255249 28
1774286886862 0.8647428154945374 29
1774286900729 0.7571629881858826 30
1774286914750 0.7974112033843994 31
1774286928691 0.7309844493865967 32
1774286942724 0.7510979771614075 33
1774286956683 0.7690920233726501 34
1774286970568 0.8256599307060242 35
1774286474297 13.323332786560059 0
