1774286474298 0.6573663949966431 0
1774286488443 0.8622701168060303 1
1774286502565 0.9184128642082214 2
1774286516717 0.9436434507369995 3
1774286531196 0.9591999650001526 4
1774286545414 0.9704172611236572 5
1774286559531 0.9794901013374329 6
1774286573651 0.9861758947372437 7
1774286587791 0.9906035661697388 8
1774286601940 0.9931668043136597 9
1774286616183 0.9944382905960083 10
1774286630495 0.9953532814979553 11
1774286644804 0.9958577752113342 12
1774286658991 0.9962150454521179 13
1774286673543 0.9963792562484741 14
1774286688527 0.996712863445282 15
1774286702996 0.9973490238189697 16
1774286717448 0.997672438621521 17
1774286731895 0.9978755712509155 18
1774286746179 0.9979923963546753 19
1774286760453 0.9983222484588623 20
1774286774905 0.9984337091445923 21
1774286789097 0.998468279838562 22
1774286803041 0.9984840750694275 23
1774286817049 0.9986879825592041 24
1774286831187 0.9986904263496399 25
1774286845005 0.9987311363220215 26
1774286858929 0.9987900853157043 27
1774286872858 0.9988102912902832 28
1774286886863 0.9987013339996338 29
1774286900731 0.9989210367202759 30
1774286914752 0.9988530874252319 31
1774286928693 0.9989627003669739 32
1774286942725 0.9989452958106995 33
1774286956685 0.9989074468612671 34
1774286970569 0.9988553524017334 35
1774286474298 0.6573663949966431 0
