1774220550896 976.2101171052396 0
1774220577068 155.44798065540994 1
1774220602005 118.74827849884795 2
1774220626676 95.27530345821539 3
1774220651372 80.46050792446549 4
1774220675638 71.94821377720888 5
1774220701269 63.77730839581736 6
1774220725931 58.348484426488895 7
1774220750679 54.14972867981567 8
1774220775249 52.013455548024616 9
1774220799799 49.75898832806732 10
1774220823882 49.023039816223246 11
1774220848736 45.57841700523745 12
1774220873870 45.47538837934294 13
1774220898835 44.44093891784871 14
1774220923555 43.970681315848914 15
1774220947753 43.5330012348448 16
1774220973339 39.8078859173716 17
1774220997864 40.837698404880214 18
1774221022765 40.70160547786465 19
1774221046958 38.65052708770193 20
1774221071290 40.06091783368052 21
1774221095608 36.729752732592694 22
1774221120257 38.35976256308659 23
1774221144589 37.007582539131555 24
1774221168782 36.418092515028256 25
1774221193517 36.90521105672674 26
1774221218676 35.590739166082045 27
1774221243203 35.440922446734895 28
1774221268240 37.82411093561106 29
1774221294301 34.169453165495455 30
1774221320408 35.01503057051419 31
1774221347499 34.31559970176557 32
