1774211483964 1033.0567237105029 0
1774211496665 127.01847142427415 1
1774211509782 94.21411799908478 2
1774211522448 76.41228631094172 3
1774211535061 65.81336997947756 4
1774211547660 58.069889992128395 5
1774211560340 51.12790880504741 6
1774211573309 45.43614349746069 7
1774211586331 41.92816827301178 8
1774211599175 41.295910893978174 9
1774211611687 36.6926577214195 10
1774211624415 35.066290964897775 11
1774211637307 33.14966723526179 12
1774211650416 31.785959929277418 13
1774211663294 30.699216499899865 14
1774211675782 28.8154479834482 15
1774211688617 28.838271090274247 16
1774211701187 27.672017725850896 17
1774211714190 28.028818560519355 18
1774211726917 28.22517254269262 19
1774211739417 24.50453219992944 20
1774211751963 25.904777146020468 21
1774211764639 25.195454952919146 22
1774211777741 24.63763311897062 23
1774211790535 25.507067064675635 24
1774211803018 23.3222748872246 25
1774211816056 24.534452935026806 26
1774211828736 23.868864508516182 27
1774211841860 22.251728851267583 28
1774211854601 20.638822171533366 29
1774211867247 22.0114805345329 30
1774211880134 21.806778128650937 31
