1774218734706 2077.641177058418 0
1774218754352 823.566630333315 1
1774218773485 215.66499945565982 2
1774218792926 128.4162869064661 3
1774218811866 110.25696074982451 4
1774218831031 99.24697432303786 5
1774218850150 92.00432941481198 6
1774218869949 84.5035394805045 7
1774218889420 77.5252948576916 8
1774218908820 71.2241339977093 9
1774218927695 68.18662654857667 10
1774218947698 64.82102968847494 11
1774218966548 60.47428142528565 12
1774218986079 59.95243911616219 13
1774219004888 58.703279142966885 14
1774219024303 54.84414606205437 15
1774219043767 51.78216919605426 16
1774219063150 51.30595454757106 17
1774219082003 49.84609645138961 18
1774219101038 49.165651562606634 19
1774219120419 48.196578132134306 20
1774219139893 48.64291517984451 21
1774219159503 47.14282713713939 22
1774219178841 46.9079522467691 23
1774219197775 45.423531295852534 24
1774219216875 45.156047919427294 25
1774219236254 45.59557467570122 26
1774219255480 44.283338270647555 27
1774219274802 44.15571432700768 28
1774219293958 42.82312294488739 29
1774219313113 42.35223087494861 30
1774219332423 43.63386117678117 31
1774219352027 43.15737577047999 32
1774219371057 41.41332525421498 33
1774219390494 40.838017395451146 34
1774219410266 42.1829652294343 35
1774219429508 41.430060172438026 36
1774219449305 39.9803720052151 37
