1774215346084 701.7288565992714 0
1774215362757 288.6049038701367 1
1774215379458 116.22330811892492 2
1774215396405 54.47029850685259 3
1774215412504 36.24871722394337 4
1774215429397 26.823010965115614 5
1774215445840 21.19922472117546 6
1774215462070 17.658882858352534 7
1774215478805 14.96414721706346 8
1774215494798 12.412446893987164 9
1774215511337 10.278342244629059 10
1774215528495 8.431682517246875 11
1774215545130 6.500959474909524 12
1774215562029 5.712174799597006 13
1774215579058 4.771979416467981 14
1774215596371 3.959462289603895 15
1774215612840 3.4355668505892383 16
1774215628929 3.012616164870746 17
1774215645188 3.059740241672751 18
1774215662352 2.7600402248877653 19
1774215678894 2.485608548768943 20
1774215696258 2.551086632066876 21
1774215712302 2.593263417432788 22
1774215728743 2.112561483153091 23
1774215745195 2.4501340395202256 24
1774215761893 2.2931882744025867 25
1774215778643 2.2767779388760965 26
1774215795570 1.9514299670789088 27
1774215812280 2.243800513954607 28
1774215828287 2.0877364352221495 29
1774215845183 2.0171379266483416 30
1774215861739 2.0209556944953424 31
