1774219468588 1974.3793203953696 0
1774219487778 774.8900246009256 1
1774219507600 254.3565226981723 2
1774219526992 161.38899823790183 3
1774219546214 138.4627199601413 4
1774219565763 127.61577427208721 5
1774219584883 118.71886140693246 6
1774219604238 113.37772036788864 7
1774219623655 108.20129069552048 8
1774219643113 102.87506164449225 9
1774219662711 95.4209461434312 10
1774219682552 92.14090799848965 11
1774219702044 89.23181952731979 12
1774219720941 84.67281523084085 13
1774219740423 83.62164303467 14
1774219759858 81.30741856300493 15
1774219779067 76.23123804939765 16
1774219798680 75.95863030000454 17
1774219817847 72.08256896363321 18
1774219837282 72.15938079376983 19
1774219856799 70.96235505039006 20
1774219876413 69.83044996594828 21
1774219896010 67.43576577261165 22
1774219915375 68.2479122561742 23
1774219934559 66.82464046129172 24
1774219953627 65.5760632672048 25
1774219972944 66.59126121152856 26
1774219992594 64.09176418666236 27
1774220012395 62.88735657246061 28
1774220031813 63.51480562714689 29
