1774210286184 1425.3134646804479 0
1774210296169 184.21883547206886 1
1774210306184 117.00346388475668 2
1774210316077 98.25699859212916 3
1774210326864 83.28857993762227 4
1774210337356 73.99493855684251 5
1774210347744 65.28930509824325 6
1774210358084 62.73700383419602 7
1774210368593 56.68611108840206 8
1774210379055 56.332188858565395 9
1774210389844 52.139139816487294 10
1774210400838 49.08635275613845 11
1774210411336 46.790002223060846 12
1774210421565 47.189763007267146 13
1774210432106 44.476021133524405 14
1774210442502 42.48507459389786 15
1774210452461 44.571696781279044 16
1774210463032 39.09683071079349 17
1774210472931 39.517837467288814 18
1774210482900 40.076666592361526 19
1774210492978 38.61640004112002 20
1774210503097 38.545823651026566 21
1774210513118 38.94699376910776 22
1774210523433 37.10828979796855 23
1774210533963 36.183460946487706 24
1774210544288 36.81343400418857 25
