1774213649863 1152.1278508800438 0
1774213657152 522.7955656892647 1
1774213664493 406.1908455085437 2
1774213672260 251.71080989488547 3
1774213680006 167.06252820717913 4
1774213687861 127.09564597436076 5
1774213695499 103.4489488268454 6
1774213703309 88.49361462839035 7
1774213710841 77.82095895472065 8
1774213718271 69.60867616777213 9
1774213725820 63.371929866898675 10
1774213733560 58.741469003991554 11
1774213741162 54.98193203232649 12
1774213749034 51.8875371072931 13
1774213756579 48.998104089111735 14
1774213764251 46.542952735888186 15
1774213771862 44.79913696949176 16
1774213779228 43.33550935577037 17
1774213786800 42.496299642096346 18
1774213794351 41.32342008822373 19
1774213801947 40.59064088208901 20
1774213809810 39.70993422192464 21
1774213817551 39.27002372678227 22
1774213825275 38.45519510799161 23
1774213832722 37.7893439434134 24
1774213840535 37.33343504589925 25
1774213848352 36.919128475094 26
1774213856072 36.20777636637505 27
1774213863705 35.89631729951119 28
1774213871144 35.34307713119837 29
1774213879073 34.94826928708399 30
1774213886662 34.49431946194311 31
1774213894335 34.277652480241265 32
1774213901966 33.77213258156166 33
1774213909430 33.49788019938794 34
1774213917076 33.1019966804644 35
1774213924776 32.69471657256318 36
1774213932350 32.387800991039306 37
1774213940052 31.921565235156983 38
1774213947607 31.611490735198416 39
1774213955359 31.236877742900628 40
1774213963018 30.681132759310046 41
1774213970661 30.211092493498384 42
1774213978008 29.811363182131345 43
1774213985494 29.399004007932945 44
1774213993042 28.916527238741097 45
1774214000788 28.41002465881246 46
1774214008900 27.92878361986005 47
1774214016286 27.47900693388826 48
1774214023766 26.947159441854314 49
1774214031415 26.330730025661172 50
1774214038942 26.056786040498096 51
1774214046356 25.42794521477774 52
1774214053580 24.79613608806185 53
1774214061361 24.074510999606574 54
1774214068930 23.1770019150415 55
1774214076839 21.258731592911452 56
1774214084249 18.899421385639716 57
1774214091614 17.515640857017377 58
1774214099236 16.349746305811625 59
1774214106820 15.38069215987169 60
1774214114372 14.447134666950651 61
1774214122123 13.733090699016552 62
1774214129657 13.051561955405948 63
1774214137562 12.571054507015946 64
1774214145322 12.003547421707687 65
1774214152979 11.661983162313453 66
1774214160764 11.295407376947894 67
1774214168388 10.88714618651125 68
1774214176065 10.636651769057288 69
1774214184079 10.20284021872649 70
1774214191847 9.8966170523607 71
1774214199561 9.690726641212247 72
1774214207678 9.391579305074378 73
1774214215390 9.004813843281218 74
1774214223110 8.817506771119383 75
1774214230671 8.683706139169399 76
1774214238153 8.450260312307298 77
1774214245717 8.400239271649506 78
1774214253382 8.252473676462538 79
1774214261024 7.94938898483251 80
1774214268797 7.7556096487949775 81
1774214276685 7.668154627630199 82
1774214284055 7.433913171390527 83
1774214291635 7.329696490244936 84
1774214299399 7.28784092650834 85
1774214307145 7.145342434900573 86
1774214314817 7.0309015510482915 87
1774214322213 6.91915461346631 88
1774214329858 6.779678870358206 89
1774214337882 6.651086389919287 90
1774214345568 6.647761308809684 91
1774214353218 6.50107134757145 92
1774214360836 6.436196660440099 93
1774214368496 6.389163537747451 94
1774214376199 6.309404900784104 95
1774214383947 6.113720631242393 96
1774214391630 6.172945961579309 97
1774214399148 5.980074437406416 98
1774214407144 5.991809420895061 99
