1774293230116 13.419370651245117 0
1774293252612 5.411113739013672 1
1774293274159 4.250869274139404 2
1774293294869 3.3864870071411133 3
1774293315378 3.0487706661224365 4
1774293335795 2.713301181793213 5
1774293356239 2.8724451065063477 6
1774293376182 2.427842378616333 7
1774293397975 2.034578800201416 8
1774293419181 2.052422285079956 9
1774293443362 1.827980399131775 10
1774293465378 1.7709462642669678 11
1774293489577 2.2526779174804688 12
1774293512020 1.8114784955978394 13
1774293535224 2.0785281658172607 14
1774293554428 2.011101007461548 15
1774293575222 1.8462581634521484 16
1774293593742 1.6670341491699219 17
1774293612655 1.8853164911270142 18
1774293632674 1.752240538597107 19
1774293651287 1.6741117238998413 20
1774293670147 1.8513010740280151 21
1774293690509 2.043027400970459 22
1774293230116 13.419370651245117 0
