1774293230115 20.53533421135081 0
1774293252610 9.07114687161476 1
1774293274157 6.755701835760751 2
1774293294866 5.31064205217671 3
1774293315376 4.6644585471636475 4
1774293335793 4.466436467478025 5
1774293356237 4.3776254677996524 6
1774293376180 3.8047015368067556 7
1774293397972 3.3004846563769963 8
1774293419179 3.2809564368307087 9
1774293443361 2.9262452107829877 10
1774293465376 2.927590721021224 11
1774293489575 3.2240865966393324 12
1774293512018 2.835514425871639 13
1774293535222 3.078746132703018 14
1774293554427 2.8624311280606602 15
1774293575220 3.2075260352180406 16
1774293593740 2.590341741631776 17
1774293612653 2.8141749163111247 18
1774293632672 2.846659754164773 19
1774293651286 2.5498532159483376 20
1774293670146 3.0352522394228436 21
1774293690507 3.0591248578531505 22
1774293230115 20.53533421135081 0
