1774293230118 0.699632465839386 0
1774293252614 0.9413897395133972 1
1774293274160 0.9674919843673706 2
1774293294871 0.9799116849899292 3
1774293315379 0.9845028519630432 4
1774293335796 0.9857907295227051 5
1774293356240 0.9863501787185669 6
1774293376183 0.9896892309188843 7
1774293397977 0.9922410249710083 8
1774293419182 0.9923325777053833 9
1774293443364 0.9939008355140686 10
1774293465379 0.9938952326774597 11
1774293489578 0.9925960898399353 12
1774293512022 0.9942731857299805 13
1774293535226 0.9932485222816467 14
1774293554430 0.9941639304161072 15
1774293575223 0.9926719069480896 16
1774293593743 0.9952207207679749 17
1774293612656 0.9943590760231018 18
1774293632675 0.9942280650138855 19
1774293651289 0.9953689575195312 20
1774293670149 0.9934379458427429 21
1774293690510 0.9933343529701233 22
1774293230118 0.699632465839386 0
