1774293230113 1534.1907337269884 0
1774293252607 246.00339494529345 1
1774293274155 145.38412057592512 2
1774293294864 116.30790913358648 3
1774293315374 101.94899283064173 4
1774293335792 92.59762956064644 5
1774293356235 86.44790956483665 6
1774293376178 82.63208703115477 7
1774293397969 78.93016340377483 8
1774293419177 77.92785823091548 9
1774293443359 73.96359570821126 10
1774293465374 73.19661747817452 11
1774293489573 68.94618994124393 12
1774293512016 68.38291060670893 13
1774293535220 67.38030637240578 14
1774293554425 65.55676841059476 15
1774293575218 65.4314043234426 16
1774293593739 64.86202497008844 17
1774293612651 63.28303944472726 18
1774293632670 63.91722216504685 19
1774293651284 62.781325022379555 20
1774293670144 62.48851312136819 21
1774293690505 61.50217373489488 22
1774293230113 1534.1907337269884 0
