1774290880116 0.15416830778121948 0
1774290895521 0.9120493531227112 1
1774290911390 0.9684888124465942 2
1774290927996 0.9810670614242554 3
1774290943473 0.980946958065033 4
1774290958794 0.9755828380584717 5
1774290974290 0.9845579862594604 6
1774290989715 0.9808170199394226 7
1774291005228 0.9829133152961731 8
1774291020755 0.9897511601448059 9
1774291036536 0.9846545457839966 10
1774291052885 0.9870511293411255 11
1774291071946 0.9889565706253052 12
1774291090602 0.9899707436561584 13
1774291106286 0.9915221333503723 14
1774291122481 0.9921587705612183 15
1774291138804 0.987933874130249 16
1774291154282 0.992393970489502 17
1774291169890 0.990496039390564 18
1774291186805 0.9924706816673279 19
1774291202829 0.9893864989280701 20
1774291218259 0.9886758923530579 21
1774291234568 0.9898183345794678 22
1774290880116 0.15416830778121948 0
