1774290880112 34.46015730385237 0
1774290895518 11.112063311995874 1
1774290911386 6.6513140649260585 2
1774290927992 5.155660884610672 3
1774290943469 5.171986558523509 4
1774290958791 5.854947220249239 5
1774290974288 4.656151072840136 6
1774290989712 5.189592973334405 7
1774291005226 4.897838403792339 8
1774291020752 3.7932598972642726 9
1774291036532 4.6415698184599865 10
1774291052881 4.263742108188149 11
1774291071944 3.9375563117950616 12
1774291090599 3.7524080809861284 13
1774291106284 3.4499899325016576 14
1774291122476 3.31792538270752 15
1774291138801 4.115851458761701 16
1774291154279 3.2677903001010593 17
1774291169887 3.65281424526356 18
1774291186793 3.251271805974278 19
1774291202826 3.8601584932667787 20
1774291218256 3.9872831614499766 21
1774291234564 3.780804946811909 22
1774290880112 34.46015730385237 0
