1774290880110 1964.1105782799686 0
1774290895517 498.54849097069274 1
1774290911384 128.52977632292618 2
1774290927989 106.72251399696296 3
1774290943468 94.91245533557648 4
1774290958789 88.77888576696951 5
1774290974286 82.74045580329624 6
1774290989711 80.4581526424868 7
1774291005224 77.74829731258095 8
1774291020750 71.98192171678475 9
1774291036530 69.44637395304146 10
1774291052879 67.61079201799758 11
1774291071942 67.60129959025282 12
1774291090598 65.80132473614199 13
1774291106282 64.06849003514499 14
1774291122472 62.22094105659647 15
1774291138800 60.810823156478556 16
1774291154277 61.89044402508026 17
1774291169885 62.475709793415476 18
1774291186786 60.23358930763624 19
1774291202825 59.51761741502911 20
1774291218255 58.151846784226436 21
1774291234562 58.48711970173721 22
1774290880110 1964.1105782799686 0
