1774290880114 23.177345275878906 0
1774290895520 7.058311462402344 1
1774290911388 4.340356826782227 2
1774290927994 3.3831522464752197 3
1774290943471 3.324253559112549 4
1774290958793 3.6322250366210938 5
1774290974289 2.974058151245117 6
1774290989714 3.149110794067383 7
1774291005227 3.091777801513672 8
1774291020754 2.4582855701446533 9
1774291036534 2.660961866378784 10
1774291052883 2.728707790374756 11
1774291071945 2.573395013809204 12
1774291090601 2.2776029109954834 13
1774291106285 2.1325762271881104 14
1774291122479 2.037041187286377 15
1774291138803 2.3296892642974854 16
1774291154280 2.1036643981933594 17
1774291169888 2.247457504272461 18
1774291186799 2.1502304077148438 19
1774291202828 2.221405506134033 20
1774291218258 2.318432569503784 21
1774291234566 2.22489857673645 22
1774290880114 23.177345275878906 0
