1774292738989 14.830791473388672 0
1774292756900 4.02892541885376 1
1774292774237 2.9123358726501465 2
1774292791150 2.530388355255127 3
1774292808292 2.0524826049804688 4
1774292826220 2.0914862155914307 5
1774292844019 1.6644489765167236 6
1774292860920 1.8827505111694336 7
1774292877897 1.3910958766937256 8
1774292895596 1.4998104572296143 9
1774292913511 1.3723031282424927 10
1774292930545 1.4142082929611206 11
1774292947616 1.561097264289856 12
1774292964929 1.1515012979507446 13
1774292983117 1.1173326969146729 14
1774293000290 1.1463936567306519 15
1774293017227 1.2972456216812134 16
1774293034432 1.1445828676223755 17
1774293053909 1.0829391479492188 18
1774293072657 1.0514864921569824 19
1774293091629 1.2393203973770142 20
1774293111282 1.0464379787445068 21
1774293130149 1.2333195209503174 22
1774293149665 1.004591941833496 23
1774293168766 1.0103548765182495 24
1774293186740 1.3073514699935913 25
1774293204761 1.3565475940704346 26
1774292738989 14.830791473388672 0
