1774292738986 1614.5038316334394 0
1774292756895 195.52304930720769 1
1774292774234 98.28159460784696 2
1774292791145 76.80244531699107 3
1774292808288 67.16947765215069 4
1774292826215 59.490274212884565 5
1774292844016 53.7798396103771 6
1774292860918 50.09681782823928 7
1774292877894 47.44136813684558 8
1774292895592 44.94973679129959 9
1774292913508 44.17037532346468 10
1774292930541 42.227791573138944 11
1774292947614 39.56860188896774 12
1774292964924 39.735268518434346 13
1774292983114 37.14880168184321 14
1774293000288 37.494524421421346 15
1774293017224 35.16063875509492 16
1774293034428 37.267217020616464 17
1774293053906 33.83754137052712 18
1774293072654 34.31892448114165 19
1774293091624 32.686468624899575 20
1774293111279 33.377152101367926 21
1774293130146 32.44824670561662 22
1774293149660 31.74467826396861 23
1774293168763 32.3083641917993 24
1774293186737 31.076791567159884 25
1774293204758 32.15309584056232 26
1774292738986 1614.5038316334394 0
