1774292738991 0.671132504940033 0
1774292756901 0.9675814509391785 1
1774292774238 0.983543872833252 2
1774292791152 0.9890595078468323 3
1774292808294 0.9922327995300293 4
1774292826222 0.9916473031044006 5
1774292844020 0.9953122138977051 6
1774292860922 0.99342280626297 7
1774292877899 0.9966811537742615 8
1774292895598 0.9962695240974426 9
1774292913512 0.9966874122619629 10
1774292930546 0.9966685771942139 11
1774292947618 0.9955782890319824 12
1774292964930 0.9977151155471802 13
1774292983118 0.9975660443305969 14
1774293000292 0.9977964162826538 15
1774293017228 0.9975621104240417 16
1774293034433 0.9973853230476379 17
1774293053911 0.9980660080909729 18
1774293072659 0.9981319904327393 19
1774293091631 0.9968271851539612 20
1774293111284 0.9982693791389465 21
1774293130151 0.9976810216903687 22
1774293149667 0.9980002641677856 23
1774293168767 0.9982616305351257 24
1774293186741 0.9973952174186707 25
1774293204763 0.9978051781654358 26
1774292738991 0.671132504940033 0
