1774292738988 21.487490541146478 0
1774292756898 6.746400509184306 1
1774292774236 4.806614435117598 2
1774292791148 3.91916322613213 3
1774292808291 3.302227430278196 4
1774292826218 3.424437377829429 5
1774292844017 2.5654293157593946 6
1774292860919 3.0387483645285283 7
1774292877896 2.15858587262887 8
1774292895594 2.288542496396451 9
1774292913510 2.156543877519422 10
1774292930543 2.162669039607755 11
1774292947615 2.4915502803842062 12
1774292964927 1.7910391203858624 13
1774292983115 1.8485583306979518 14
1774293000289 1.758884086350641 15
1774293017226 1.850049265643712 16
1774293034430 1.9159466870084083 17
1774293053908 1.6477883312667356 18
1774293072656 1.6194476123049626 19
1774293091626 2.110560331384666 20
1774293111281 1.5587491600933734 21
1774293130147 1.8043503879920593 22
1774293149663 1.6755740164285908 23
1774293168764 1.5622301250090262 24
1774293186739 1.91232295494639 25
1774293204760 1.755404505723393 26
1774292738988 21.487490541146478 0
