1774214727104 881.5213733742916 0
1774214735207 364.79146734608986 1
1774214742849 216.55490158004886 2
1774214750879 143.61050822532513 3
1774214758589 96.29509851896822 4
1774214766569 67.91645845993982 5
1774214774515 53.048892409948266 6
1774214782422 40.668489383183385 7
1774214790221 32.75870013435351 8
1774214798121 27.017068688365665 9
1774214805891 22.556866863206302 10
1774214814056 19.34512154076143 11
1774214821939 16.328005814512636 12
1774214829837 13.830984861402465 13
1774214837644 12.243837928613292 14
1774214845792 10.690972444023348 15
1774214853716 9.558238647543451 16
1774214861847 8.614538692594962 17
1774214869778 8.025862464492214 18
1774214877610 7.363715592319279 19
1774214885443 6.768067430537473 20
1774214893856 6.400862581122933 21
1774214902072 5.986714621748583 22
1774214911696 5.767906883195315 23
1774214924697 5.427922335321614 24
1774214936666 5.281982603168329 25
1774214947738 5.059492655086041 26
1774214959626 4.836661172984245 27
1774214972371 4.859838947876916 28
1774214983331 4.507360014859928 29
1774214994489 4.54107931449687 30
1774215007416 4.259329503467198 31
1774215019838 4.277185054468037 32
1774215032589 4.0829453999904946 33
1774215046545 4.029543887755636 34
1774215059999 4.006877387026186 35
