1774209917926 2202.633057046849 0
1774209926851 1426.711913250052 1
1774209936135 615.1337234573238 2
1774209944832 270.16217663046126 3
1774209953640 197.21529394774984 4
1774209962450 181.38817110236195 5
1774209971230 178.33914767247865 6
1774209980124 169.93941007795033 7
1774209988796 162.83663260004485 8
1774209997926 158.32627735360094 9
1774210006939 152.62918842334716 10
1774210015811 146.47886756731944 11
1774210024617 139.91376042167676 12
1774210033214 140.1247322856884 13
1774210042257 136.07391580845075 14
1774210051088 132.7165514268415 15
1774210059963 131.075439681626 16
1774210069118 128.63358163436914 17
1774210077998 128.87407477405822 18
1774210086766 126.66956259525953 19
1774210095622 125.5851811236034 20
1774210104695 124.53431818449556 21
1774210113536 123.69225398871347 22
1774210122212 123.33627470400488 23
1774210131376 124.51965668435501 24
1774210140118 120.83412702309708 25
1774210148960 120.8405020486892 26
1774210158153 119.69694345128318 27
1774210167174 119.00780212859345 28
1774210176368 119.3693358791053 29
1774210185563 118.93234035853736 30
1774210195016 118.00978333382757 31
1774210203893 115.79109401353782 32
1774210212758 115.03992454541503 33
1774210221445 115.04553491779652 34
1774210230532 115.16133167184331 35
1774210239558 114.65154252393472 36
1774210248763 113.4719259481065 37
1774210257788 113.62767203992695 38
1774210266774 113.68418728134994 39
1774210275894 111.31594034915359 40
