1774209636937 2167.0142962412906 0
1774209645525 1374.4774076490355 1
1774209654163 561.4327965353967 2
1774209662643 224.55787525399157 3
1774209671542 151.0822994720916 4
1774209680226 133.80421188786104 5
1774209688777 125.39676068348813 6
1774209697421 121.05050099352235 7
1774209705920 114.08368704441978 8
1774209714452 108.62733927899708 9
1774209723054 104.37211401966368 10
1774209731802 101.65717008466927 11
1774209740885 98.79115580401682 12
1774209749507 96.23337134743689 13
1774209757962 93.59213507552313 14
1774209766962 89.3500826703927 15
1774209775783 86.39615905304717 16
1774209784519 84.89594049183977 17
1774209793356 83.05162615783996 18
1774209802937 81.44029027015318 19
1774209811660 80.64574652622623 20
1774209820515 75.93363555298868 21
1774209829522 75.1607309617536 22
1774209838398 74.029298956898 23
1774209847195 73.48060642820032 24
1774209855633 72.00532752622583 25
1774209864653 72.22995922450416 26
1774209873403 73.25571665708317 27
1774209882145 69.36089892395324 28
1774209891191 69.83548580429915 29
1774209899884 70.19435165329106 30
1774209908689 69.58744720611318 31
