1774273740508 813.167753287241 0
1774273757705 446.9781293936655 1
1774273773933 267.11219820063167 2
1774273790225 162.99370443736407 3
1774273806773 108.36951573689778 4
1774273822834 74.49528475010649 5
1774273839033 53.131990493612086 6
1774273856043 38.205588827741906 7
1774273873011 27.26695752312951 8
1774273889301 18.94705246526299 9
1774273905445 13.725862645088359 10
1774273921711 10.672436244098852 11
1774273937740 8.612688003702367 12
1774273954119 7.152792070351594 13
1774273971183 6.095795378617361 14
1774273987665 5.320624252583118 15
1774274003571 4.500792181238215 16
1774274019674 3.9385406937159546 17
1774274035795 3.430593447482332 18
1774274051989 2.9573294080741017 19
1774274068811 2.6430453787035977 20
1774274085772 2.347448801952051 21
1774274101846 2.1712089090059834 22
1774274117849 1.9824120140244774 23
1774274133917 1.850903847538833 24
1774274150019 1.7678093580489462 25
1774274166286 1.6852984050064221 26
1774274183733 1.6376131730722197 27
1774274200472 1.6032663190618475 28
1774274216425 1.5415244637228918 29
1774274232334 1.4773920767062099 30
1774274248137 1.4674278769298648 31
1774274263808 1.4343215421581945 32
1774274280083 1.4014237347646807 33
1774274297026 1.3869246862670208 34
1774274313554 1.3774829505817265 35
1774274329701 1.33403439619017 36
1774274345708 1.3064029429187165 37
1774274361489 1.3227342894525393 38
1774274377312 1.2867916329955378 39
1774274393494 1.2879502493227628 40
1774274410718 1.2713131796806416 41
1774274426581 1.2558423991955765 42
1774273740508 813.167753287241 0
