1774273740513 0.621747612953186 0
1774273757711 0.7618291974067688 1
1774273773937 0.854040801525116 2
1774273790230 0.9058128595352173 3
1774273806779 0.9375302791595459 4
1774273822839 0.9552404880523682 5
1774273839038 0.9680486917495728 6
1774273856048 0.9773485660552979 7
1774273873016 0.9836750030517578 8
1774273889305 0.9887760877609253 9
1774273905450 0.9914607405662537 10
1774273921715 0.9934343695640564 11
1774273937745 0.9943253397941589 12
1774273954125 0.9952853918075562 13
1774273971189 0.9960865378379822 14
1774273987669 0.9961100816726685 15
1774274003576 0.9968600869178772 16
1774274019679 0.9974899888038635 17
1774274035799 0.9977962970733643 18
1774274051994 0.9979641437530518 19
1774274068818 0.998272716999054 20
1774274085776 0.998490571975708 21
1774274101852 0.9985737204551697 22
1774274117853 0.9986732006072998 23
1774274133921 0.9986856579780579 24
1774274150024 0.9988487362861633 25
1774274166291 0.9988614320755005 26
1774274183740 0.9988630414009094 27
1774274200477 0.998976469039917 28
1774274216429 0.9990041851997375 29
1774274232339 0.9990113377571106 30
1774274248142 0.9989916086196899 31
1774274263813 0.9989917278289795 32
1774274280090 0.9990221858024597 33
1774274297033 0.9989328384399414 34
1774274313560 0.9990930557250977 35
1774274329706 0.9990363717079163 36
1774274345712 0.9991427659988403 37
1774274361494 0.9991188645362854 38
1774274377319 0.9990978240966797 39
1774274393501 0.9990794658660889 40
1774274410723 0.9991260170936584 41
1774274426587 0.9990895390510559 42
1774273740513 0.621747612953186 0
