1774273740510 23.04444107910707 0
1774273757707 18.286036199052184 1
1774273773934 14.31498809909892 2
1774273790227 11.499288122285481 3
1774273806775 9.365047614469937 4
1774273822836 7.927164392311691 5
1774273839035 6.697605946533363 6
1774273856045 5.639274287507755 7
1774273873013 4.787426119799559 8
1774273889302 3.9696110069282207 9
1774273905447 3.4624630426851417 10
1774273921712 3.0360786283461105 11
1774273937742 2.822578513149036 12
1774273954121 2.572752191843825 13
1774273971185 2.343990873039105 14
1774273987666 2.3369363033704498 15
1774274003573 2.0995979060369896 16
1774274019676 1.8772091249351053 17
1774274035797 1.7589505051095238 18
1774274051991 1.690637215448555 19
1774274068814 1.557243125269571 20
1774274085773 1.4557375648906854 21
1774274101848 1.4150835429085609 22
1774274117850 1.364838156554929 23
1774274133918 1.3584168663941318 24
1774274150021 1.2713457960795829 25
1774274166288 1.2643254047949444 26
1774274183736 1.2634259180617984 27
1774274200473 1.1987484683921028 28
1774274216426 1.1823896067828439 29
1774274232336 1.1781529936765829 30
1774274248139 1.1898267437927448 31
1774274263810 1.1897578608571213 32
1774274280086 1.1716561685329672 33
1774274297029 1.2240102175273657 34
1774274313556 1.1284030730099164 35
1774274329703 1.1631502506850266 36
1774274345709 1.0970374158287448 37
1774274361491 1.11224531194411 38
1774274377314 1.1254319315476156 39
1774274393497 1.1368314287372632 40
1774274410720 1.1076976291516443 41
1774274426584 1.1305970726127792 42
1774273740510 23.04444107910707 0
