1774273740512 13.92368221282959 0
1774273757709 10.595574378967285 1
1774273773936 8.526494026184082 2
1774273790228 7.02225923538208 3
1774273806777 5.507290840148926 4
1774273822837 4.663087844848633 5
1774273839036 4.061295986175537 6
1774273856047 3.4704861640930176 7
1774273873014 2.95483660697937 8
1774273889304 2.3473806381225586 9
1774273905448 1.991444706916809 10
1774273921714 1.6919931173324585 11
1774273937744 1.6198279857635498 12
1774273954123 1.4340547323226929 13
1774273971187 1.263785719871521 14
1774273987668 1.39406156539917 15
1774274003574 1.1945273876190186 16
1774274019677 1.067287802696228 17
1774274035798 1.008145809173584 18
1774274051992 1.0235377550125122 19
1774274068816 0.9202080965042114 20
1774274085775 0.8609978556632996 21
1774274101850 0.830929696559906 22
1774274117852 0.8157695531845093 23
1774274133920 0.8491048812866211 24
1774274150022 0.7695798873901367 25
1774274166289 0.7745055556297302 26
1774274183738 0.7873154878616333 27
1774274200475 0.7233688235282898 28
1774274216428 0.7159117460250854 29
1774274232338 0.7179777026176453 30
1774274248140 0.7105907201766968 31
1774274263811 0.7282893657684326 32
1774274280088 0.7297685742378235 33
1774274297031 0.7611867785453796 34
1774274313558 0.6784828901290894 35
1774274329704 0.7227309942245483 36
1774274345711 0.6594957113265991 37
1774274361492 0.672562837600708 38
1774274377317 0.6720809936523438 39
1774274393499 0.7260584831237793 40
1774274410722 0.6620824933052063 41
1774274426585 0.6770736575126648 42
1774273740512 13.92368221282959 0
