1774209429927 1780.1596401424058 0
1774209438735 419.33338171630453 1
1774209447462 201.48785382618325 2
1774209456217 180.20379810047626 3
1774209464962 169.2139189429767 4
1774209474333 159.49761160598223 5
1774209482995 153.0985871757723 6
1774209491860 153.5992682610891 7
1774209500869 148.38112241773558 8
1774209509782 145.21978004442872 9
1774209518568 142.4845219007546 10
1774209527380 142.01658466612042 11
1774209536371 139.4592069095859 12
1774209545253 135.9825158396894 13
1774209554018 134.00755029510142 14
1774209562913 134.16286916621712 15
1774209571736 132.46993263231934 16
1774209580404 131.48911987406242 17
1774209589489 131.1442188002702 18
1774209598138 128.11929427922863 19
1774209607918 126.89923123631026 20
1774209617521 126.44999533604069 21
1774209627354 124.62624054462859 22
