1774207588144 740.2168502934562 0
1774207599426 244.45435145373352 1
1774207610051 89.00359973494899 2
1774207620638 46.14924577786006 3
1774207631038 30.949306119896608 4
1774207642480 21.776902428879318 5
1774207653283 15.45776400669244 6
1774207664554 11.553238826662847 7
1774207678947 9.157345731325831 8
1774207693322 7.711142186118838 9
1774207707838 6.7148247764828595 10
1774207722372 5.998987813559229 11
1774207736902 5.2689516314254226 12
1774207751051 4.841198229353361 13
1774207765357 4.4189020496438225 14
1774207779823 4.1224151589906155 15
1774207794432 4.0136894933792595 16
1774207808796 3.817449637736735 17
1774207823653 3.4867328865555876 18
1774207838687 3.1619269242897605 19
1774207852944 3.1475868865773204 20
1774207867681 3.0752201820173597 21
1774207882477 2.7466048133155074 22
1774207896643 2.819669147497802 23
1774207911203 2.62073051056727 24
1774207925691 2.496628830714551 25
1774207940328 2.4894834830241273 26
1774207954959 2.4056008133832707 27
1774207969288 2.4083054202566925 28
1774207983605 2.549217659502775 29
1774207997572 2.176011554214998 30
1774208011620 2.1568549746483217 31
1774208026184 2.180457480140216 32
1774208040806 1.9963548254847725 33
1774208055437 2.083118008099459 34
1774208069651 2.018461633442642 35
