1774209216490 1749.051029046641 0
1774209225198 401.2947337552037 1
1774209234094 155.6615257453601 2
1774209242503 135.0126455500598 3
1774209251152 121.99413512828147 4
1774209260022 112.0059101530002 5
1774209268968 104.86019693079487 6
1774209278329 97.66614730504904 7
1774209287493 93.84104299307266 8
1774209296164 89.35150008749049 9
1774209304986 86.85043259428662 10
1774209313928 84.70466141534129 11
1774209322860 81.28503574745825 12
1774209331748 80.09176314571336 13
1774209340619 78.90284387521855 14
1774209349452 78.71142275361174 15
1774209358237 77.22492923197056 16
1774209367095 72.68350551687739 17
1774209375833 74.87494953936229 18
1774209384837 72.0412955323789 19
1774209393663 71.344055727992 20
1774209402779 71.40045980367803 21
1774209412090 69.24233633031861 22
1774209421001 69.4689087002924 23
