1774211211582 2020.0116890956479 0
1774211221501 819.6480825617786 1
1774211231286 255.13009861900088 2
1774211241219 158.65938954028036 3
1774211251458 135.59866980427316 4
1774211261210 121.00475150059147 5
1774211270967 113.89389580141089 6
1774211280703 108.64751195669571 7
1774211290476 101.01307278345905 8
1774211300384 97.38998792651489 9
1774211310405 92.20611871221101 10
1774211320253 87.02695489207441 11
1774211330205 84.14664859739992 12
1774211339959 81.88288050443678 13
1774211349889 80.08887460743529 14
1774211360134 78.52148396242875 15
1774211369997 76.2322508166118 16
1774211380539 74.42338670549694 17
1774211390689 71.99576051302638 18
1774211400796 73.61499731155878 19
1774211410851 70.79037532711187 20
1774211420783 70.07155990600586 21
1774211430894 70.08033922547708 22
1774211440896 71.10002639567396 23
1774211451387 68.3373178555049 24
1774211461333 67.21165963932995 25
1774211471178 65.94827942046865 26
