1774275795926 33.904512844324096 0
1774275813837 10.50825865978922 1
1774275831174 7.839690962948173 2
1774275849524 6.903766996993692 3
1774275867609 6.570217281563306 4
1774275884964 6.961457820673316 5
1774275902565 5.926216084387864 6
1774275920845 6.248496218016961 7
1774275941324 6.160642035082368 8
1774275968173 5.221917750002672 9
1774275985638 5.826664554994202 10
1774276003091 5.841083428203571 11
1774276021363 5.3271026973001945 12
1774276039055 4.974375868709875 13
1774276056880 5.726859924170003 14
1774276074380 5.330126612950485 15
1774276092729 5.303432670124874 16
1774276110753 5.0374507248506015 17
1774276128009 4.841231743630151 18
