1774275795929 0.1812252402305603 0
1774275813840 0.9213477969169617 1
1774275831177 0.9562228918075562 2
1774275849528 0.9660513997077942 3
1774275867612 0.9692525863647461 4
1774275884968 0.9654816389083862 5
1774275902568 0.9749847650527954 6
1774275920850 0.9721900224685669 7
1774275941328 0.9729665517807007 8
1774275968177 0.980577290058136 9
1774275985641 0.9758181571960449 10
1774276003094 0.9756983518600464 11
1774276021367 0.9797869324684143 12
1774276039058 0.9823750853538513 13
1774276056883 0.976639449596405 14
1774276074383 0.9797639846801758 15
1774276092734 0.9799661636352539 16
1774276110757 0.9819253087043762 17
1774276128011 0.9833059906959534 18
