1774275795924 1993.1050715886108 0
1774275813835 517.4202702028532 1
1774275831172 186.30489947271684 2
1774275849522 168.21208971442906 3
1774275867608 160.82867768470277 4
1774275884962 151.1371952760304 5
1774275902563 145.65650551708032 6
1774275920843 138.22442744640594 7
1774275941321 134.74405498369364 8
1774275968172 136.0112673576842 9
1774275985636 130.45966682704628 10
1774276003089 128.68339008304244 11
1774276021361 125.3166495519327 12
1774276039053 122.29212190073433 13
1774276056877 120.79528471764098 14
1774276074379 118.30041915136026 15
1774276092727 119.1612074290607 16
1774276110751 117.18464472615128 17
1774276128007 118.10086712938674 18
