1774275795928 22.301071166992188 0
1774275813838 7.134274959564209 1
1774275831175 5.215748310089111 2
1774275849526 4.436748504638672 3
1774275867611 4.180809497833252 4
1774275884966 4.228488922119141 5
1774275902567 3.8350329399108887 6
1774275920848 4.006417274475098 7
1774275941326 3.948699474334717 8
1774275968175 3.3523828983306885 9
1774275985639 3.605473279953003 10
1774276003092 3.571575880050659 11
1774276021365 3.1938815116882324 12
1774276039056 3.1483068466186523 13
1774276056882 3.477720260620117 14
1774276074382 3.5106592178344727 15
1774276092731 3.362053632736206 16
1774276110755 3.0227410793304443 17
1774276128010 3.103991985321045 18
