1774218168273 1388.797388010136 0
1774218187997 205.65362425691475 1
1774218206648 135.24874147995934 2
1774218225662 115.56812472986104 3
1774218245300 102.93498341692069 4
1774218265231 96.78563315697795 5
1774218285155 91.39316245918464 6
1774218305223 86.56315364615493 7
1774218324748 83.10143864611024 8
1774218344697 77.60500814910736 9
1774218364219 77.6888557027858 10
1774218383069 75.10081438137568 11
1774218401950 71.74577844400771 12
1774218421044 72.98298888119207 13
1774218440405 69.87650775116018 14
1774218460117 69.91640631728085 15
1774218479648 70.305662437604 16
1774218499174 68.56405897346788 17
1774218518441 66.45574552564574 18
1774218538133 66.07159831321577 19
1774218557300 65.81769394834902 20
1774218577833 64.08632335567633 21
1774218597067 63.51844079244553 22
1774218616082 62.554671841334184 23
1774218635772 63.72477539367168 24
1774218655314 61.50479977142791 25
1774218675481 61.15130214088173 26
1774218695595 61.29630840003193 27
1774218715047 61.91582272572446 28
