1774210554732 1401.8613081692458 0
1774210565013 213.1942866066728 1
1774210574932 140.75154395587433 2
1774210585467 117.51395307087066 3
1774210596098 104.17098422693135 4
1774210606348 96.65840048639231 5
1774210616608 88.57267687602368 6
1774210626654 84.12139422246898 7
1774210636732 79.71878193301488 8
1774210647023 76.95046835215437 9
1774210658217 72.70365476687617 10
1774210668671 71.51305857196624 11
1774210679025 70.58641896430348 12
1774210688879 66.88186627100788 13
1774210699036 66.02880881590374 14
1774210709048 65.8508436421983 15
1774210719166 65.735781430008 16
1774210729561 62.48793206238707 17
1774210739575 63.80052655389821 18
1774210749690 62.12396732780977 19
1774210759813 61.36327774631798 20
1774210769907 62.786106757038645 21
1774210779932 60.783968165392885 22
1774210790216 59.95695112231567 23
1774210800186 59.03618512018746 24
1774210810222 59.82078069855092 25
