1774221375002 1670.0699529917586 0
1774221400638 317.8950922326518 1
1774221424723 138.85418674513426 2
1774221449631 113.82273945990895 3
1774221474994 98.1671872004098 4
1774221499750 88.78111807875545 5
1774221524739 78.34778952955605 6
1774221548569 71.08189056955042 7
1774221573819 64.69894748122839 8
1774221599059 59.01459791338979 9
1774221623738 55.89561349421293 10
1774221648174 53.123615087169576 11
1774221672659 48.753040231206455 12
1774221697141 46.01745862532376 13
1774221721457 42.923898573128035 14
1774221746566 40.2111997842392 15
1774221771251 39.831098029696804 16
1774221795329 35.76943716471286 17
1774221820019 35.73730041262711 18
1774221844753 34.69413698612156 19
1774221869913 33.49615096728536 20
1774221895062 33.51296331243785 21
1774221919458 32.147523530906135 22
1774221944297 30.636771141788525 23
1774221969657 29.191465450800994 24
1774221995001 29.157896584559996 25
1774222020703 27.333263617783736 26
1774222045654 29.163806885133766 27
1774222071187 27.297978831210273 28
1774222096511 27.334484319321923 29
1774222120969 26.132835577014284 30
1774222145716 27.65734120018272 31
1774222169870 25.679757440348038 32
1774222194615 25.06887853720819 33
1774222219217 24.685248863677216 34
1774222244151 24.976828149868524 35
1774222268575 24.17563755301985 36
1774222292991 25.04156439078231 37
1774222318165 24.503241024874214 38
1774222342399 23.69039613434955 39
1774222367406 24.03209631375584 40
1774222392149 23.45720147213801 41
1774222416753 22.188595881279614 42
1774222441222 22.626007192741813 43
1774222466085 22.101971751639926 44
1774222491048 21.62371364092073 45
1774222515203 22.065106923488926 46
1774222540485 22.21146510722435 47
