1773749232997 845.8440321163644 0
1773749252425 618.8293689528011 1
1773749273135 618.1513896380874 2
1773749291116 617.8248453877513 3
1773749305578 617.8602023612234 4
1773749319651 617.7301082087871 5
1773749333590 617.8513995239563 6
1773749347385 617.6478268059709 7
1773749361646 617.5570568360592 8
1773749375506 617.8266450116165 9
1773749392897 617.6693491186585 10
1773749412888 617.6178586964595 11
1773749433018 617.5799363818846 12
1773749449090 617.7305566878093 13
1773749462862 617.6420508025591 14
1773749476905 617.5786625964386 15
1773749491172 617.5252808073809 16
1773749504828 617.4813848861733 17
1773749518502 617.4853713114065 18
1773749533163 617.3922052930418 19
1773749552616 617.5129324515859 20
1773749575139 617.7788148723041 21
1773749598100 617.7661807091159 22
1773749626143 617.4815209215121 23
1773749649487 617.4824798279569 24
1773749670200 617.5322977574983 25
1773749691641 617.4564485621274 26
1773749713823 617.604962774643 27
1773749734593 617.5158740873646 28
1773749751927 617.474140728501 29
1773749773950 617.5574679481715 30
