1774294105834 25.997968673706055 0
1774294124436 13.016979217529297 1
1774294142701 6.489413261413574 2
1774294161415 4.911550998687744 3
1774294180119 3.991615056991577 4
1774294198157 3.677436113357544 5
1774294216282 3.121870756149292 6
1774294235474 2.8952832221984863 7
1774294253504 2.789490222930908 8
1774294271738 2.6263039112091064 9
1774294291191 2.395751476287842 10
1774294309199 2.6364939212799072 11
1774294327281 2.4621264934539795 12
1774294346655 2.168732166290283 13
1774294364890 2.057610273361206 14
1774294382856 2.1152024269104004 15
1774294401665 2.022435188293457 16
1774294420301 1.751602292060852 17
1774294438264 1.6834965944290161 18
1774294456633 1.7526682615280151 19
1774294475712 2.1006405353546143 20
1774294493571 1.5914053916931152 21
1774294511706 1.6381897926330566 22
1774294531094 1.5080904960632324 23
1774294549160 1.7634292840957642 24
1774294567181 1.5731568336486816 25
1774294586238 1.5656521320343018 26
1774294604769 1.8032208681106567 27
1774294622873 1.6496028900146484 28
1774294105834 25.997968673706055 0
