1774294105836 -0.09495902061462402 0
1774294124438 0.72578364610672 1
1774294142702 0.9234095215797424 2
1774294161417 0.9576287269592285 3
1774294180121 0.9660813212394714 4
1774294198158 0.9746898412704468 5
1774294216283 0.9806089997291565 6
1774294235475 0.984455406665802 7
1774294253505 0.9841855764389038 8
1774294271740 0.9882671236991882 9
1774294291193 0.9886701107025146 10
1774294309201 0.9848700761795044 11
1774294327282 0.9882609248161316 12
1774294346657 0.991270899772644 13
1774294364891 0.9909828901290894 14
1774294382857 0.9919394850730896 15
1774294401667 0.9919096231460571 16
1774294420302 0.994036853313446 17
1774294438265 0.9947815537452698 18
1774294456634 0.9946498274803162 19
1774294475713 0.9933100938796997 20
1774294493572 0.9947862029075623 21
1774294511707 0.9952881932258606 22
1774294531095 0.9956863522529602 23
1774294549161 0.9943904280662537 24
1774294567183 0.99540776014328 25
1774294586240 0.995381236076355 26
1774294604770 0.994918942451477 27
1774294622874 0.9952938556671143 28
1774294105836 -0.09495902061462402 0
