1774294105829 2056.478451992603 0
1774294124433 915.1552230077432 1
1774294142698 283.0194394537743 2
1774294161411 170.5228574631062 3
1774294180116 144.12333518224406 4
1774294198154 127.7859967143823 5
1774294216277 116.15464958569682 6
1774294235471 105.02341511232633 7
1774294253500 100.40515725156094 8
1774294271735 93.89626264233961 9
1774294291188 91.05872264483297 10
1774294309195 85.36566482029909 11
1774294327278 85.29685435734743 12
1774294346650 80.91094180709081 13
1774294364887 78.42493296684103 14
1774294382853 76.78556216354912 15
1774294401659 75.03649553339532 16
1774294420298 72.01885411418075 17
1774294438260 71.47855513146582 18
1774294456628 68.14043956107281 19
1774294475709 68.17609477212243 20
1774294493568 67.9324280556212 21
1774294511703 67.08811851934338 22
1774294531090 65.99512638606078 23
1774294549157 63.06989661683428 24
1774294567178 66.191946415191 25
1774294586234 63.52043385877677 26
1774294604766 62.66328963151215 27
1774294622870 62.17472591805965 28
1774294105829 2056.478451992603 0
