1774294105832 39.207955748104396 0
1774294124435 19.62103736864784 1
1774294142699 10.36961611119028 2
1774294161413 7.712782309634478 3
1774294180117 6.900724522242919 4
1774294198155 5.961047570248507 5
1774294216280 5.217653079307387 6
1774294235472 4.671593290785459 7
1774294253502 4.711962940970576 8
1774294271737 4.05861348798136 9
1774294291190 3.988308150810661 10
1774294309197 4.608860000030152 11
1774294327279 4.059686478785064 12
1774294346653 3.5007466473494224 13
1774294364888 3.5580260978715104 14
1774294382855 3.3640018271623835 15
1774294401663 3.370235187915347 16
1774294420299 2.893425487011746 17
1774294438262 2.706733896457217 18
1774294456631 2.740681639622151 19
1774294475710 3.0646792073729356 20
1774294493569 2.705525209133539 21
1774294511704 2.5719937562466266 22
1774294531092 2.460913182698557 23
1774294549158 2.8063328414277984 24
1774294567180 2.5391467271186117 25
1774294586236 2.5464645710324416 26
1774294604768 2.6708676407902288 27
1774294622872 2.5704488515196737 28
1774294105832 39.207955748104396 0
