1774294650415 0.9168065786361694 0
1774294673837 0.9712814688682556 1
1774294695819 0.9795191287994385 2
1774294719488 0.9810570478439331 3
1774294742474 0.9907171726226807 4
1774294764429 0.9923748970031738 5
1774294787908 0.9956473112106323 6
1774294809801 0.9957438707351685 7
1774294833298 0.9962607026100159 8
1774294856191 0.9967752695083618 9
1774294878599 0.9972299337387085 10
1774294902024 0.9957996010780334 11
1774294923991 0.9973292350769043 12
1774294947235 0.9975350499153137 13
1774294970279 0.9974901676177979 14
1774294992846 0.9982653856277466 15
1774295016566 0.9970093965530396 16
1774295038693 0.9970471858978271 17
1774295062073 0.9979159832000732 18
1774295085987 0.998360812664032 19
1774295107958 0.997857928276062 20
1774295131212 0.9978545904159546 21
1774295153414 0.9987037777900696 22
1774295176708 0.9981095194816589 23
1774295200375 0.9976838827133179 24
1774295222306 0.997641921043396 25
1774295245940 0.9971879720687866 26
1774295268586 0.9978004693984985 27
1774294650415 0.9168065786361694 0
