1774294650413 7.6160383224487305 0
1774294673836 3.591358184814453 1
1774294695818 3.3907177448272705 2
1774294719487 3.271613597869873 3
1774294742472 2.448988437652588 4
1774294764428 1.9264177083969116 5
1774294787907 1.62496018409729 6
1774294809800 1.3845980167388916 7
1774294833297 1.328743815422058 8
1774294856189 1.3353443145751953 9
1774294878597 1.2209806442260742 10
1774294902022 1.6841574907302856 11
1774294923990 1.3241480588912964 12
1774294947234 1.1458760499954224 13
1774294970277 1.2391064167022705 14
1774294992844 1.1155636310577393 15
1774295016564 1.176226258277893 16
1774295038691 1.4718133211135864 17
1774295062072 1.1444875001907349 18
1774295085986 1.0151313543319702 19
1774295107957 1.048971176147461 20
1774295131210 1.084923505783081 21
1774295153412 0.8823530673980713 22
1774295176707 1.207877516746521 23
1774295200373 1.1759896278381348 24
1774295222304 1.1560496091842651 25
1774295245939 1.1723581552505493 26
1774295268584 1.058326005935669 27
1774294650413 7.6160383224487305 0
