1774294650410 1023.2199054474527 0
1774294673833 130.76104968997603 1
1774294695815 91.7367482083909 2
1774294719483 72.18311265850744 3
1774294742467 60.1538323916442 4
1774294764425 52.2841994102965 5
1774294787904 44.116740145581836 6
1774294809797 40.100510218464734 7
1774294833293 36.684468712367064 8
1774294856184 35.985777821101195 9
1774294878594 30.373200994856813 10
1774294902018 29.572671966349827 11
1774294923987 28.15784653535126 12
1774294947230 26.00991054629603 13
1774294970272 27.530980674933033 14
1774294992841 24.46898022949273 15
1774295016561 24.031846685612454 16
1774295038685 23.786004032649046 17
1774295062069 22.969550328897245 18
1774295085983 23.446512721109052 19
1774295107953 21.808310914546887 20
1774295131207 22.226472940850766 21
1774295153407 22.1871692728489 22
1774295176704 18.872766802496944 23
1774295200370 19.277544743625832 24
1774295222301 19.87473546528647 25
1774295245936 19.405703894635465 26
1774295268579 18.783256331234114 27
1774294650410 1023.2199054474527 0
