1774294650412 10.807364771339092 0
1774294673834 6.349744548315107 1
1774294695817 5.362279877668658 2
1774294719485 5.15702212939231 3
1774294742470 3.6100671938404374 4
1774294764427 3.2718808062045546 5
1774294787906 2.472040325669187 6
1774294809799 2.4444606869572163 7
1774294833295 2.2912422711980303 8
1774294856186 2.127761505049235 9
1774294878596 1.9720626693385548 10
1774294902020 2.4284012999368856 11
1774294923988 1.9363977927241267 12
1774294947232 1.860281779264515 13
1774294970275 1.877148033604843 14
1774294992843 1.560548097230435 15
1774295016563 2.0490645716756912 16
1774295038688 2.036073210870777 17
1774295062071 1.710522396646867 18
1774295085985 1.5170082780012415 19
1774295107955 1.7341652820709337 20
1774295131209 1.7355133307540382 21
1774295153410 1.349001978262659 22
1774295176705 1.6291452502365797 23
1774295200372 1.8032500251781653 24
1774295222303 1.819515659630738 25
1774295245938 1.9869345430402119 26
1774295268582 1.757279853652959 27
1774294650412 10.807364771339092 0
