1774295814073 0.49027854204177856 0
1774295835805 0.9313712120056152 1
1774295858919 0.9690815806388855 2
1774295881461 0.9774860739707947 3
1774295904473 0.9833717346191406 4
1774295928148 0.9846756458282471 5
1774295950398 0.9882660508155823 6
1774295973615 0.9917305111885071 7
1774295996440 0.9890860319137573 8
1774296019176 0.988804280757904 9
1774296042620 0.995736300945282 10
1774296064653 0.996300220489502 11
1774296087707 0.9955307841300964 12
1774296110090 0.9966076016426086 13
1774296132891 0.9960026144981384 14
1774296156417 0.9975159764289856 15
1774296178701 0.9974842071533203 16
1774296202195 0.9980301856994629 17
1774296224830 0.9968745708465576 18
1774296247896 0.9973015785217285 19
1774296271654 0.997133195400238 20
1774296293570 0.9981956481933594 21
1774296316731 0.9979344010353088 22
1774296339044 0.9977591037750244 23
1774296361856 0.9979491829872131 24
1774296385102 0.9983168840408325 25
1774296406991 0.9985601305961609 26
1774296430249 0.998569667339325 27
1774296452373 0.9979407787322998 28
1774296475128 0.9984937906265259 29
1774296498527 0.998142421245575 30
1774296519999 0.9987173676490784 31
1774296543089 0.9977036714553833 32
1774296565023 0.9984220862388611 33
1774296588071 0.9979099631309509 34
1774296610870 0.9981400370597839 35
1774296632938 0.9974338412284851 36
1774295814073 0.49027854204177856 0
