1774295814068 1677.568146942355 0
1774295835800 342.2648631833124 1
1774295858914 123.90108596855868 2
1774295881451 99.03128316216436 3
1774295904468 83.80971618408853 4
1774295928144 77.45437497619196 5
1774295950393 68.25559647201646 6
1774295973610 60.19199146108424 7
1774295996433 56.01568197020402 8
1774296019171 51.28555414186302 9
1774296042616 48.06923686697128 10
1774296064649 45.050340436029096 11
1774296087702 41.86255088089206 12
1774296110083 39.71434616197086 13
1774296132886 37.545186847659714 14
1774296156412 33.94206444422404 15
1774296178697 33.81951215757546 16
1774296202190 31.927888390020275 17
1774296224823 31.409919275459668 18
1774296247891 29.508450237571772 19
1774296271649 28.213500071924628 20
1774296293565 29.19702088241036 21
1774296316726 27.453025652161728 22
1774296339038 27.199779880807753 23
1774296361851 25.672761731113948 24
1774296385097 24.115545240699824 25
1774296406986 24.09998105096479 26
1774296430244 21.66476364507743 27
1774296452367 24.101064409770018 28
1774296475124 22.378964757242947 29
1774296498523 21.591423012686114 30
1774296519995 21.619466264197168 31
1774296543085 21.977191363666073 32
1774296565018 20.548132686750264 33
1774296588067 19.652488079476864 34
1774296610864 19.78856904455956 35
1774296632934 20.61960855443427 36
1774295814068 1677.568146942355 0
