1774295814070 26.751107736628754 0
1774295835802 9.815860634458764 1
1774295858916 6.588457197972202 2
1774295881455 5.62212671434167 3
1774295904470 4.831685453976891 4
1774295928145 4.638383831517336 5
1774295950395 4.058793005214689 6
1774295973612 3.4073386596188247 7
1774295996436 3.9144090815008625 8
1774296019173 3.96462185243439 9
1774296042617 2.446639800673467 10
1774296064651 2.2790941476762576 11
1774296087704 2.5048988981269575 12
1774296110085 2.1823633101788404 13
1774296132888 2.368991479165118 14
1774296156414 1.8674582440713954 15
1774296178699 1.8793813378417787 16
1774296202192 1.6629951886848955 17
1774296224825 2.094739537765758 18
1774296247893 1.9463850993930158 19
1774296271651 2.006200358409467 20
1774296293567 1.5916127853194488 21
1774296316728 1.7029285142581476 22
1774296339040 1.7737173120176308 23
1774296361853 1.696824204051665 24
1774296385099 1.5372127512738218 25
1774296406988 1.421788726536789 26
1774296430246 1.4170826226471658 27
1774296452370 1.7002999209454173 28
1774296475125 1.454165916479112 29
1774296498525 1.6149132258248335 30
1774296519997 1.3419136984885742 31
1774296543087 1.795527740935583 32
1774296565020 1.4883775254395784 33
1774296588068 1.7129753204946232 34
1774296610867 1.6159430244335138 35
1774296632935 1.898084317230766 36
1774295814070 26.751107736628754 0
