1774295814071 18.33835792541504 0
1774295835803 6.835918426513672 1
1774295858917 3.979525566101074 2
1774295881458 3.1426641941070557 3
1774295904471 2.639991521835327 4
1774295928147 2.7395694255828857 5
1774295950396 2.144624710083008 6
1774295973613 1.9386327266693115 7
1774295996438 2.0745394229888916 8
1774296019175 2.158445119857788 9
1774296042619 1.4126943349838257 10
1774296064652 1.3052787780761719 11
1774296087706 1.4988553524017334 12
1774296110088 1.4322870969772339 13
1774296132889 1.523087739944458 14
1774296156416 1.2272409200668335 15
1774296178700 1.2835948467254639 16
1774296202193 1.0280958414077759 17
1774296224828 1.5219146013259888 18
1774296247895 1.1288009881973267 19
1774296271652 1.202982783317566 20
1774296293569 0.9730784296989441 21
1774296316729 1.0427998304367065 22
1774296339043 1.0378130674362183 23
1774296361855 1.0530588626861572 24
1774296385101 0.9708425402641296 25
1774296406989 0.9068542718887329 26
1774296430248 0.9063337445259094 27
1774296452372 1.2674866914749146 28
1774296475127 0.9429453611373901 29
1774296498526 1.1066416501998901 30
1774296519998 0.8398177623748779 31
1774296543088 1.301232099533081 32
1774296565022 0.9949893951416016 33
1774296588069 1.014757752418518 34
1774296610869 1.1629775762557983 35
1774296632937 1.2026766538619995 36
1774295814071 18.33835792541504 0
