1774291846773 2291.1973697310646 0
1774291862640 1640.740791050255 1
1774291878923 801.0333721620817 2
1774291894773 306.28313962787604 3
1774291910307 152.25648788019274 4
1774291925780 118.8291458779193 5
1774291941355 109.10203627998948 6
1774291956961 102.1182709957691 7
1774291972430 99.51893280922098 8
1774291988543 95.55807783924942 9
1774292004905 92.21539979623564 10
1774292020318 89.63348249340734 11
1774292035748 86.84538478039681 12
1774292051142 86.31175202173544 13
1774292066601 81.52897722501281 14
1774292082041 79.19193687168419 15
1774292097579 79.51046952457293 16
1774292113490 77.28426598488016 17
1774292129740 73.51777987108163 18
1774292145476 74.14780120984882 19
1774292160916 72.68763124858233 20
1774292176324 71.6528474658939 21
1774292191765 70.9057198585348 22
1774292207255 70.69768018925444 23
1774292222836 68.163743729287 24
1774292238314 67.9623185827377 25
1774292254687 65.81985366090815 26
1774292270801 66.61568452280464 27
1774292286195 62.80214137219368 28
1774292301526 61.0138668439067 29
1774292316979 61.47074964536843 30
1774291846773 2291.1973697310646 0
