1774291846775 45.60497473635004 0
1774291862642 34.55320462989377 1
1774291878926 20.280513426772895 2
1774291894775 10.607999237704933 3
1774291910309 7.659414703876337 4
1774291925782 5.601468860902308 5
1774291941357 5.76954811005915 6
1774291956963 5.020292872970212 7
1774291972432 6.144161846214703 8
1774291988546 5.047285789565787 9
1774292004906 4.160562901926694 10
1774292020320 4.391510246333525 11
1774292035749 4.1284054657280365 12
1774292051143 4.030554186482412 13
1774292066603 3.9099813721352095 14
1774292082042 3.7254050834625585 15
1774292097581 4.606578948698883 16
1774292113493 3.820847924279849 17
1774292129743 3.3382960252459415 18
1774292145478 3.894400729304224 19
1774292160917 3.3226537012466713 20
1774292176326 3.642494474785148 21
1774292191766 3.411462837196852 22
1774292207257 3.7040809652900832 23
1774292222838 4.355295111098758 24
1774292238317 3.278043360825427 25
1774292254689 4.128009276460974 26
1774292270803 3.6815380456531748 27
1774292286197 3.562473230094048 28
1774292301528 3.752797672630927 29
1774292316981 3.963236305347427 30
1774291846775 45.60497473635004 0
