1774291846776 29.98102378845215 0
1774291862644 23.010276794433594 1
1774291878928 13.20366096496582 2
1774291894776 7.383259296417236 3
1774291910310 4.568181991577148 4
1774291925783 3.3553707599639893 5
1774291941358 3.4167721271514893 6
1774291956964 3.067315101623535 7
1774291972433 3.4972169399261475 8
1774291988547 2.9552760124206543 9
1774292004907 2.6234707832336426 10
1774292020321 2.6052825450897217 11
1774292035751 2.3891632556915283 12
1774292051145 2.4375858306884766 13
1774292066604 2.4460883140563965 14
1774292082044 2.3091986179351807 15
1774292097582 2.8334128856658936 16
1774292113495 2.385908842086792 17
1774292129745 2.0956947803497314 18
1774292145479 2.3851518630981445 19
1774292160919 2.1136085987091064 20
1774292176327 2.219207525253296 21
1774292191768 2.2012641429901123 22
1774292207258 2.288430690765381 23
1774292222839 2.5628700256347656 24
1774292238319 2.133849859237671 25
1774292254691 2.622908115386963 26
1774292270804 2.261737585067749 27
1774292286198 2.220691204071045 28
1774292301529 2.240654230117798 29
1774292316982 2.5542495250701904 30
1774291846776 29.98102378845215 0
