1774291846777 -0.48140525817871094 0
1774291862646 0.1495944857597351 1
1774291878930 0.7070406675338745 2
1774291894778 0.9198476076126099 3
1774291910311 0.9582130908966064 4
1774291925785 0.9776512384414673 5
1774291941359 0.9762899279594421 6
1774291956966 0.9820482134819031 7
1774291972435 0.9731109738349915 8
1774291988549 0.9818546772003174 9
1774292004909 0.9876702427864075 10
1774292020323 0.9862634539604187 11
1774292035752 0.9878601431846619 12
1774292051146 0.9884287714958191 13
1774292066605 0.9891107082366943 14
1774292082045 0.9901145696640015 15
1774292097584 0.984885036945343 16
1774292113497 0.9896015524864197 17
1774292129748 0.9920622110366821 18
1774292145481 0.989197313785553 19
1774292160920 0.9921364188194275 20
1774292176329 0.9905496835708618 21
1774292191769 0.9917104244232178 22
1774292207259 0.9902274012565613 23
1774292222840 0.9864891171455383 24
1774292238321 0.9923461675643921 25
1774292254693 0.9878624677658081 26
1774292270805 0.9903459548950195 27
1774292286200 0.9909602999687195 28
1774292301530 0.9899686574935913 29
1774292316984 0.9888120889663696 30
1774291846777 -0.48140525817871094 0
