1774213165421 831.1145288654651 0
1774213173205 356.32690873995 1
1774213180641 269.89581260744626 2
1774213188365 192.6775587212028 3
1774213196006 124.71856592974925 4
1774213203715 88.78831181073943 5
1774213211296 70.60281499015313 6
1774213219169 62.22164510768186 7
1774213226943 55.98279028208601 8
1774213234737 51.601372672793474 9
1774213242411 48.19726808138576 10
1774213250160 45.23740405369916 11
1774213257575 43.493230445214394 12
1774213265292 41.55220165665257 13
1774213273017 39.24139237364199 14
1774213280735 36.367489232398114 15
1774213288794 33.95752330786377 16
1774213296356 32.36024330062993 17
1774213304128 29.912308431108066 18
1774213311823 27.835532926283342 19
1774213319515 26.11867315955646 20
1774213327208 24.58443229091346 21
1774213334453 23.225874983332123 22
1774213342069 21.139385432847924 23
1774213349775 20.12761131895957 24
1774213357410 19.348239730479516 25
1774213364956 18.04869845861603 26
1774213372345 17.28295108204872 27
1774213379988 16.42318967098801 28
1774213387619 15.782262583143897 29
1774213395253 15.331594664721242 30
1774213403075 14.862590131267732 31
1774213410671 14.383812416413065 32
1774213418672 13.765324944069302 33
1774213426356 13.186395396012038 34
1774213434003 12.877789967865397 35
1774213441623 12.406322602226016 36
1774213449051 12.23808091571446 37
1774213456722 11.643528977170364 38
1774213464522 11.440112680444702 39
1774213472265 10.930549176481124 40
1774213480258 10.409124918666338 41
1774213488260 10.677075585985738 42
1774213495980 9.743389885754832 43
1774213503670 9.393314421077735 44
1774213511314 9.045138248786355 45
1774213519069 8.822727780175487 46
1774213526532 8.61357672083596 47
1774213534171 8.459792697687513 48
1774213541942 8.092133526000723 49
1774213550160 7.658901793786174 50
1774213557776 7.7053152058961585 51
1774213565003 7.548848264824333 52
1774213572414 6.96169023148827 53
1774213580205 7.095043539802564 54
1774213587718 6.738773805329486 55
1774213595355 6.653460411779496 56
1774213602780 6.636508679826327 57
1774213610723 6.263572129552654 58
1774213618660 6.187386553220066 59
1774213626408 6.082931417792094 60
1774213634223 5.998886805405831 61
1774213641953 6.1434239575549485 62
