1774293714543 26.64571189880371 0
1774293734962 13.9973726272583 1
1774293753497 6.336485385894775 2
1774293772466 3.991405963897705 3
1774293792380 3.1523208618164062 4
1774293810851 2.834411382675171 5
1774293829456 2.550173044204712 6
1774293849429 2.2750258445739746 7
1774293867710 1.8672982454299927 8
1774293886279 1.766197681427002 9
1774293907007 1.6286453008651733 10
1774293927913 2.01682186126709 11
1774293950582 1.5505943298339844 12
1774293971333 1.498014211654663 13
1774293990648 1.3854936361312866 14
1774294009483 1.6500990390777588 15
1774294027040 1.5371464490890503 16
1774294044677 1.6185280084609985 17
1774294063766 1.5570051670074463 18
1774294081875 1.4131041765213013 19
1774293714543 26.64571189880371 0
