1774293714541 39.852669038499634 0
1774293734960 19.993168236251275 1
1774293753496 9.463726058000564 2
1774293772464 6.385213412046837 3
1774293792378 5.099945232620878 4
1774293810849 4.835656868182621 5
1774293829454 4.018812287650313 6
1774293849427 3.5046833584234194 7
1774293867708 2.9649629229692773 8
1774293886278 2.7319257829842543 9
1774293907005 2.581548094451243 10
1774293927912 3.511473378741724 11
1774293950580 2.3697284620191432 12
1774293971331 2.3633021330107815 13
1774293990646 2.0728135458697587 14
1774294009482 2.6267657018119404 15
1774294027039 2.3769674684692026 16
1774294044675 2.434561890466279 17
1774294063764 2.450116882650185 18
1774294081874 2.151371287906045 19
1774293714541 39.852669038499634 0
