1774293714546 -0.1312648057937622 0
1774293734963 0.7152835130691528 1
1774293753498 0.9362069368362427 2
1774293772468 0.9709597826004028 3
1774293792381 0.9814740419387817 4
1774293810852 0.9833443760871887 5
1774293829457 0.9884961247444153 6
1774293849430 0.9912512302398682 7
1774293867711 0.9937383532524109 8
1774293886281 0.9946839809417725 9
1774293907008 0.9952530860900879 10
1774293927915 0.991217315196991 11
1774293950584 0.9960001111030579 12
1774293971335 0.9960218071937561 13
1774293990650 0.9969396591186523 14
1774294009485 0.9950853586196899 15
1774294027042 0.9959756731987 16
1774294044678 0.9957782626152039 17
1774294063768 0.9957241415977478 18
1774294081877 0.9967032670974731 19
1774293714546 -0.1312648057937622 0
