1774293714538 2096.5361717711103 0
1774293734958 922.777448018392 1
1774293753494 243.79875000486982 2
1774293772462 122.39857841383481 3
1774293792376 96.04860775183279 4
1774293810848 84.64808549948619 5
1774293829452 75.09430339488577 6
1774293849425 67.81991274137023 7
1774293867706 63.55636211828137 8
1774293886276 58.776160361919 9
1774293907003 56.73059942367229 10
1774293927910 52.90389999768413 11
1774293950578 50.21423624593315 12
1774293971329 47.471198541898254 13
1774293990644 47.73675060610399 14
1774294009480 45.305764556776545 15
1774294027037 44.013965599925804 16
1774294044674 42.92381315704779 17
1774294063762 40.94843860382729 18
1774294081872 40.690368496779854 19
1774293714538 2096.5361717711103 0
