1774289694954 572.0959602247739 0
1774289711344 113.88250866342098 1
1774289727892 27.774866751745236 2
1774289745617 10.969411484738613 3
1774289761856 6.41266984846575 4
1774289778344 4.404391536687283 5
1774289794669 2.8986844384501165 6
1774289811293 2.0105848929560777 7
1774289828858 1.6769808179943273 8
1774289845107 1.565501775513304 9
1774289861407 1.4678356422388807 10
1774289877681 1.3871312355952905 11
1774289893892 1.307271790736956 12
1774289911751 1.296179880804204 13
1774289927937 1.3591533664693223 14
1774289944352 1.2043236240427544 15
1774289960554 1.1843749690563121 16
1774289977053 1.137472131679244 17
1774289995093 1.1520386664791311 18
1774290011388 1.1518077036590442 19
1774290027759 1.1670289044895916 20
1774290044280 1.1105987392630137 21
1774290060914 1.12128950000232 22
1774290078754 1.143549675425739 23
1774290095121 1.0588529483012274 24
1774290111581 1.0944410266605675 25
1774290127852 1.0611661197023188 26
1774290144209 1.0489047041810151 27
1774290162402 1.0704962497061872 28
1774290201233 1.0591432631861233 29
1774290218754 1.0510934465531763 30
1774290235300 1.0483699581513168 31
1774290251830 1.0174080727370918 32
1774290268277 1.0092573740803603 33
1774289694954 572.0959602247739 0
