1774289694957 9.410927772521973 0
1774289711347 3.709118604660034 1
1774289727895 2.112130880355835 2
1774289745620 1.38578200340271 3
1774289761859 1.0792981386184692 4
1774289778347 0.9365864992141724 5
1774289794672 1.2526038885116577 6
1774289811297 0.9762172698974609 7
1774289828861 0.7150680422782898 8
1774289845110 0.705437183380127 9
1774289861411 0.7025948762893677 10
1774289877685 0.8450485467910767 11
1774289893895 0.646955132484436 12
1774289911756 0.7144957184791565 13
1774289927940 0.6075329184532166 14
1774289944355 0.6261178851127625 15
1774289960557 0.6484959721565247 16
1774289977056 0.5869041085243225 17
1774289995096 0.7077305912971497 18
1774290011391 0.5839112401008606 19
1774290027761 0.6562797427177429 20
1774290044283 0.5685184597969055 21
1774290060918 0.6022394299507141 22
1774290078757 0.6171915531158447 23
1774290095124 0.5906869769096375 24
1774290111584 0.7368620038032532 25
1774290127854 0.573469340801239 26
1774290144213 0.5562891960144043 27
1774290162405 0.5613020062446594 28
1774290201236 0.6224948167800903 29
1774290218759 0.6729413270950317 30
1774290235303 0.6047567129135132 31
1774290251833 0.5995557308197021 32
1774290268280 0.544822096824646 33
1774289694957 9.410927772521973 0
