1774289694959 0.8205520510673523 0
1774289711348 0.967153012752533 1
1774289727897 0.9886479377746582 2
1774289745621 0.9942297339439392 3
1774289761860 0.9962889552116394 4
1774289778348 0.9974989295005798 5
1774289794674 0.9972913265228271 6
1774289811298 0.9982745051383972 7
1774289828862 0.9989916682243347 8
1774289845111 0.9990294575691223 9
1774289861412 0.9990484118461609 10
1774289877686 0.9985289573669434 11
1774289893897 0.9991603493690491 12
1774289911758 0.9990659356117249 13
1774289927941 0.9992579221725464 14
1774289944356 0.9991998672485352 15
1774289960559 0.9991641640663147 16
1774289977057 0.999291181564331 17
1774289995097 0.9990373253822327 18
1774290011392 0.9992946982383728 19
1774290027763 0.9992229342460632 20
1774290044285 0.9993212819099426 21
1774290060920 0.9992727637290955 22
1774290078758 0.9992364048957825 23
1774290095125 0.9993147850036621 24
1774290111586 0.9989721775054932 25
1774290127856 0.9993178844451904 26
1774290144215 0.9993406534194946 27
1774290162406 0.999352753162384 28
1774290201237 0.9992349147796631 29
1774290218761 0.9991706609725952 30
1774290235304 0.9992815852165222 31
1774290251834 0.9992526173591614 32
1774290268281 0.9993903040885925 33
1774289694959 0.8205520510673523 0
