1774289694956 15.872470924589944 0
1774289711345 6.790830533410188 1
1774289727894 3.9922007581039023 2
1774289745618 2.846252849110018 3
1774289761858 2.2825675190593904 4
1774289778346 1.873855368595274 5
1774289794671 1.9500838750749339 6
1774289811295 1.5564331529075075 7
1774289828859 1.1897997922535823 8
1774289845108 1.16731590984296 9
1774289861409 1.155836598493222 10
1774289877683 1.4371099357469093 11
1774289893894 1.0857509754729011 12
1774289911754 1.145139825354145 13
1774289927939 1.0207035734786616 14
1774289944354 1.0598617785682243 15
1774289960556 1.0832841690840678 16
1774289977055 0.9975549788369861 17
1774289995094 1.1625478221942311 18
1774290011389 0.9950987090696499 19
1774290027760 1.0445067534787624 20
1774290044282 0.9761686217401522 21
1774290060917 1.0104471116870306 22
1774290078756 1.0354054852706391 23
1774290095123 0.9808216751613614 24
1774290111583 1.2012532524517379 25
1774290127853 0.9786089093177558 26
1774290144211 0.9621442025711584 27
1774290162404 0.9532405595609588 28
1774290201235 1.036389749580525 29
1774290218757 1.0790409675259343 30
1774290235301 1.0042950660217445 31
1774290251832 1.024336849244681 32
1774290268278 0.9251699562133389 33
1774289694956 15.872470924589944 0
