1774215878494 2044.9252582365978 0
1774215895803 546.4088972348738 1
1774215913284 145.19739731774354 2
1774215930159 120.15301825956577 3
1774215947331 106.3710705698429 4
1774215964155 98.33621055234887 5
1774215981527 93.5072147731178 6
1774215999421 85.71015358923279 7
1774216016814 82.17255501897878 8
1774216034135 79.1561651690034 9
1774216051272 74.23656412845047 10
1774216068502 73.49429146739686 11
1774216085671 69.99817635890054 12
1774216102711 67.84087503848973 13
1774216120071 66.17822730878427 14
1774216136747 63.68423030935786 15
