1774290290371 12.787898063659668 0
1774290308426 7.852468013763428 1
1774290324785 3.994213819503784 2
1774290341718 2.4778828620910645 3
1774290359150 1.7870804071426392 4
1774290375924 1.2421528100967407 5
1774290392323 1.0508683919906616 6
1774290408690 0.9423356056213379 7
1774290425755 0.8143762350082397 8
1774290443029 0.7671671509742737 9
1774290459764 0.7278519868850708 10
1774290476163 0.7542186379432678 11
1774290492503 0.6779758930206299 12
1774290509943 0.6690090298652649 13
1774290526751 0.7046396732330322 14
1774290543415 0.6589885354042053 15
1774290560088 0.6451666355133057 16
1774290576600 0.6620748043060303 17
1774290594639 0.6076146364212036 18
1774290611075 0.6584815979003906 19
1774290627601 0.5976523756980896 20
1774290644052 0.5847251415252686 21
1774290660521 0.5960038304328918 22
1774290678100 0.6612455248832703 23
1774290694502 0.5902351140975952 24
1774290710866 0.6307559609413147 25
1774290727249 0.5812960267066956 26
1774290743420 0.5908392071723938 27
1774290760832 0.6555603742599487 28
1774290777429 0.5974249839782715 29
1774290793732 0.5728405714035034 30
1774290810063 0.5506643652915955 31
1774290826341 0.5881145000457764 32
1774290843675 0.6202636361122131 33
1774290860121 0.5579268932342529 34
1774290290371 12.787898063659668 0
