1774290290370 22.24689796340471 0
1774290308425 13.461265661808085 1
1774290324784 6.968132504873077 2
1774290341716 4.751116169743531 3
1774290359149 3.2522386030381147 4
1774290375923 2.2624685464432472 5
1774290392321 1.7817449049488074 6
1774290408689 1.575181387492697 7
1774290425753 1.3378425979347328 8
1774290443028 1.2533415476465575 9
1774290459763 1.186126517007931 10
1774290476162 1.1971848228781135 11
1774290492502 1.1048443651851754 12
1774290509940 1.0888186867351324 13
1774290526750 1.1056368534882426 14
1774290543413 1.0671248477624233 15
1774290560086 1.08786240820187 16
1774290576598 1.0539996129131148 17
1774290594637 1.0175030876506475 18
1774290611074 1.0486039076523308 19
1774290627599 0.9851303532801885 20
1774290644051 0.9800876925606952 21
1774290660519 0.9898943194905268 22
1774290678099 1.0436048532401625 23
1774290694500 0.9848811347035408 24
1774290710865 1.006078662856945 25
1774290727248 0.9574339039053519 26
1774290743418 0.9710375633772329 27
1774290760830 1.0368822786651701 28
1774290777428 0.9728242660090314 29
1774290793731 0.9447565887455612 30
1774290810062 0.9283094370578344 31
1774290826339 0.9570816960955312 32
1774290843673 0.9831525387214227 33
1774290860119 0.9342680534984653 34
1774290290370 22.24689796340471 0
