1774290290373 0.6474761962890625 0
1774290308428 0.8709312081336975 1
1774290324787 0.9654154777526855 2
1774290341720 0.9839217066764832 3
1774290359151 0.9924662113189697 4
1774290375925 0.9963540434837341 5
1774290392324 0.997738778591156 6
1774290408691 0.9982327222824097 7
1774290425757 0.998725175857544 8
1774290443031 0.9988811016082764 9
1774290459765 0.9989979267120361 10
1774290476165 0.9989791512489319 11
1774290492505 0.9991305470466614 12
1774290509945 0.999155580997467 13
1774290526752 0.9991292953491211 14
1774290543416 0.9991888999938965 15
1774290560089 0.9991570711135864 16
1774290576601 0.9992087483406067 17
1774290594641 0.9992625713348389 18
1774290611077 0.9992167949676514 19
1774290627602 0.9993087649345398 20
1774290644053 0.9993157982826233 21
1774290660523 0.9993020296096802 22
1774290678102 0.9992242455482483 23
1774290694503 0.9993091225624084 24
1774290710867 0.9992790222167969 25
1774290727251 0.9993470907211304 26
1774290743421 0.9993283748626709 27
1774290760834 0.9992341995239258 28
1774290777430 0.9993259310722351 29
1774290793734 0.9993642568588257 30
1774290810064 0.999386191368103 31
1774290826342 0.9993475675582886 32
1774290843676 0.9993115067481995 33
1774290860122 0.9993782639503479 34
1774290290373 0.6474761962890625 0
