1774290290368 719.532416918599 0
1774290308424 352.27544557287337 1
1774290324782 92.828190627673 2
1774290341714 33.833770755334946 3
1774290359147 16.144712341592665 4
1774290375921 7.38170351457934 5
1774290392320 4.032984290139895 6
1774290408687 2.7002690721910896 7
1774290425750 2.0592678445028074 8
1774290443026 1.7608504610281464 9
1774290459761 1.5731958520750629 10
1774290476160 1.4370534893468763 11
1774290492500 1.3499393279248095 12
1774290509938 1.296122578864402 13
1774290526748 1.2480146298383146 14
1774290543412 1.1923315806169037 15
1774290560084 1.1698991690121643 16
1774290576596 1.1287935777758875 17
1774290594635 1.117040051319075 18
1774290611072 1.0706117523054706 19
1774290627597 1.0695734516525945 20
1774290644049 1.0338662566868126 21
1774290660516 1.0360853297913328 22
1774290678097 1.0070528404932495 23
1774290694499 1.0151722090886839 24
1774290710863 1.000930022791768 25
1774290727246 0.9865891815077329 26
1774290743417 0.9976582520819725 27
1774290760828 0.9688254652927953 28
1774290777426 0.9566387869153462 29
1774290793729 0.9335521642409318 30
1774290810060 0.9396991851270622 31
1774290826338 0.9357368563506621 32
1774290843670 0.920649841744849 33
1774290860118 0.9040411948523623 34
1774290290368 719.532416918599 0
