1774212209877 1622.875738413679 0
1774212222591 308.6762506926119 1
1774212235730 127.54196107328038 2
1774212248449 108.14198268947506 3
1774212261095 94.06464295855378 4
1774212273784 84.62397255794379 5
1774212286359 74.74523590646449 6
1774212299582 70.23552437907645 7
1774212312185 63.76114409537165 8
1774212324819 58.46133764968339 9
1774212337452 55.276862917247904 10
1774212350278 51.26117064274488 11
1774212363352 50.01941186457426 12
1774212376332 44.09667045225121 13
1774212389277 42.1039374346741 14
1774212401787 41.23149120629131 15
1774212414653 38.823539327662715 16
1774212427389 37.91297266764966 17
1774212440560 35.35085734591111 18
1774212453367 33.75608755546481 19
1774212465930 33.14264656104978 20
1774212478663 32.79438284589923 21
1774212491297 31.061744302759156 22
1774212504615 30.86472630461123 23
1774212517478 30.430923987149 24
1774212530244 29.150535407359907 25
