1774288303330 0.6941377520561218 0
1774288318232 0.8853195309638977 1
1774288333166 0.9570713639259338 2
1774288348198 0.9773004651069641 3
1774288362994 0.9876413345336914 4
1774288377740 0.992066502571106 5
1774288392253 0.9940890669822693 6
1774288406644 0.9957485795021057 7
1774288421098 0.9967525601387024 8
1774288435596 0.9974332451820374 9
1774288450096 0.9979546070098877 10
1774288464569 0.9980571866035461 11
1774288479034 0.9985119700431824 12
1774288493563 0.9986491203308105 13
1774288508051 0.9987406730651855 14
1774288522433 0.9986898303031921 15
1774288536980 0.9989321231842041 16
1774288551395 0.9989943504333496 17
1774288565795 0.9989425539970398 18
1774288580452 0.9990679025650024 19
1774288595275 0.9990392923355103 20
1774288610177 0.9988760352134705 21
1774288625174 0.9990333914756775 22
1774288639797 0.9991085529327393 23
1774288654332 0.9990471601486206 24
1774288668735 0.9991773962974548 25
1774288683409 0.9991162419319153 26
1774288697820 0.9992104768753052 27
1774288712297 0.9992059469223022 28
1774288726751 0.9992219805717468 29
1774288741178 0.9991588592529297 30
1774288755551 0.9991652369499207 31
1774288769895 0.9990571141242981 32
1774288784277 0.9991616606712341 33
1774288798768 0.999221682548523 34
1774288303330 0.6941377520561218 0
