1774288303325 730.1015797067196 0
1774288318224 275.3781183662144 1
1774288333160 100.06602706638634 2
1774288348191 45.24253636894497 3
1774288362989 23.852695798197537 4
1774288377736 13.94926815760051 5
1774288392249 9.246144407184412 6
1774288406639 6.681237956310841 7
1774288421093 5.045796691103185 8
1774288435592 3.9444119103834137 9
1774288450092 3.2700785356210478 10
1774288464565 2.758912352594078 11
1774288479029 2.3417944838391973 12
1774288493556 2.1194718224359743 13
1774288508047 1.8821247480017074 14
1774288522429 1.7433782361500652 15
1774288536975 1.6644296694731882 16
1774288551391 1.559758150619818 17
1774288565790 1.5146997341661588 18
1774288580445 1.4787071257406939 19
1774288595269 1.4251982133227883 20
1774288610168 1.4134059028422579 21
1774288625168 1.3546976143798084 22
1774288639793 1.3519571612701349 23
1774288654328 1.3276828284381974 24
1774288668731 1.2825850208177634 25
1774288683404 1.2900125106387104 26
1774288697816 1.2651780088108482 27
1774288712293 1.2753665133359584 28
1774288726747 1.2419293716232827 29
1774288741173 1.2275318437856986 30
1774288755547 1.2348859857582877 31
1774288769891 1.2249047863990703 32
1774288784272 1.1924112174950592 33
1774288798764 1.182837057937967 34
1774288303325 730.1015797067196 0
