1774288303327 20.7223149565439 0
1774288318227 12.688784379263346 1
1774288333162 7.7633458559692246 2
1774288348194 5.6452585563542454 3
1774288362991 4.165438025843567 4
1774288377738 3.337397450218157 5
1774288392250 2.88074036433204 6
1774288406641 2.44310721995241 7
1774288421095 2.1352340868298967 8
1774288435593 1.8983194447925615 9
1774288450094 1.6945753472562637 10
1774288464566 1.6515387700305992 11
1774288479030 1.4453878022243614 12
1774288493559 1.3771542233194214 13
1774288508049 1.329687209527133 14
1774288522431 1.356240660112277 15
1774288536977 1.2244473339482496 16
1774288551392 1.1882301896440532 17
1774288565793 1.2184288384246367 18
1774288580448 1.1439528321899424 19
1774288595271 1.1613740534061576 20
1774288610171 1.2561652254566456 21
1774288625170 1.1649151437987175 22
1774288639794 1.118735248319239 23
1774288654329 1.1566206879139111 24
1774288668733 1.0746573367798458 25
1774288683406 1.1138880096795682 26
1774288697818 1.0528421718348602 27
1774288712294 1.0558559585611984 28
1774288726748 1.045118880194796 29
1774288741175 1.086700445880765 30
1774288755548 1.082563248828272 31
1774288769893 1.1505315982469835 32
1774288784274 1.0848741333552887 33
1774288798766 1.045326910218954 34
1774288303327 20.7223149565439 0
