1774288303329 11.777571678161621 0
1774288318229 7.483509063720703 1
1774288333164 4.528122425079346 2
1774288348196 3.1504204273223877 3
1774288362992 2.2015302181243896 4
1774288377739 1.8020752668380737 5
1774288392252 1.5715059041976929 6
1774288406642 1.3390692472457886 7
1774288421096 1.2614868879318237 8
1774288435595 1.1201279163360596 9
1774288450095 1.0074248313903809 10
1774288464568 0.9838562607765198 11
1774288479032 0.8905407190322876 12
1774288493561 0.8471428751945496 13
1774288508050 0.8346258401870728 14
1774288522432 0.879737377166748 15
1774288536978 0.7571744918823242 16
1774288551394 0.7233682870864868 17
1774288565794 0.7683435082435608 18
1774288580450 0.695052981376648 19
1774288595273 0.6991702914237976 20
1774288610174 0.8244525194168091 21
1774288625172 0.7089509963989258 22
1774288639795 0.6961230039596558 23
1774288654331 0.6898386478424072 24
1774288668734 0.6355381011962891 25
1774288683407 0.6599108576774597 26
1774288697819 0.6232694387435913 27
1774288712296 0.6253274083137512 28
1774288726750 0.6199080944061279 29
1774288741176 0.635584831237793 30
1774288755550 0.6353116035461426 31
1774288769894 0.683037281036377 32
1774288784275 0.6388364434242249 33
1774288798767 0.6150493621826172 34
1774288303329 11.777571678161621 0
