1774205955063 821.3615614499109 0
1774205966662 329.67489644334637 1
1774205977468 195.12030346659375 2
1774205989594 110.2217779175414 3
1774206012007 73.26420087385891 4
1774206039307 58.54326369401421 5
1774206067474 51.18096800374112 6
1774206089830 46.78955197770663 7
1774206101269 43.81889317237994 8
1774206113065 42.19785909287743 9
1774206124782 40.14026367644502 10
1774206137439 38.54821080415697 11
1774206148377 36.95966921471518 12
1774206160420 35.6212958051837 13
1774206171972 34.35970816080661 14
1774206202463 32.922749051238455 15
1774206220359 31.930477459696487 16
1774206235140 30.919892845852004 17
1774206253865 30.228757261634865 18
1774206268191 29.470853034351116 19
1774206293145 28.45673520791154 20
1774206309591 27.705138125554495 21
1774206323132 27.174094868182344 22
1774206341127 26.252529601289112 23
1774206355303 25.744659455564374 24
1774206382336 25.105416616861913 25
1774206409288 24.82115217770594 26
1774206420557 24.467946057311707 27
1774206434538 23.853785175253666 28
1774206456914 23.69817361815797 29
1774206472701 23.176598677420973 30
1774206484150 22.742756557940645 31
1774206496871 22.61591827690899 32
1774206509908 22.507587431274516 33
1774206521942 22.111141785607362 34
1774206534539 21.932734671924358 35
1774206546368 21.2076996106673 36
1774206557467 21.165706674191796 37
1774206568223 20.802377859486914 38
1774206578824 20.9053008306443 39
1774206588691 20.334933971208265 40
1774206599270 20.291275479829253 41
1774206609866 20.17186927160685 42
1774206620844 19.652142531066488 43
1774206631969 19.420705896844087 44
1774206642628 19.305028466337333 45
1774206652729 19.09706190937569 46
1774206663487 18.873086239057848 47
1774206674281 18.83137934457839 48
1774206684209 18.358444542337377 49
1774206695136 18.294849073629013 50
1774206705855 18.30887326702302 51
1774206716284 17.852652492618404 52
1774206726849 17.80490060098556 53
1774206737903 17.861681530360574 54
1774206748111 17.268918483308866 55
1774206758555 17.20896045062784 56
1774206768948 17.230878412624364 57
1774206779313 16.667396024935655 58
1774206789488 16.723013760444527 59
1774206799965 16.469848463023563 60
1774206810361 16.343575791788975 61
1774206820945 16.272296775398953 62
1774206831088 16.164706333306388 63
