1774295296853 0.8964829444885254 0
1774295320460 0.9608767628669739 1
1774295344352 0.9711469411849976 2
1774295366346 0.9850652813911438 3
1774295390321 0.9906392693519592 4
1774295414246 0.9943484663963318 5
1774295436479 0.995374321937561 6
1774295460445 0.9946351051330566 7
1774295483498 0.9956209063529968 8
1774295506644 0.9962471127510071 9
1774295530421 0.9957830905914307 10
1774295552995 0.9967893362045288 11
1774295576491 0.996959924697876 12
1774295600166 0.9952854514122009 13
1774295622372 0.9960660338401794 14
1774295646283 0.9976242184638977 15
1774295669450 0.9983404278755188 16
1774295692148 0.997312068939209 17
1774295715861 0.9968008399009705 18
1774295738370 0.9971534013748169 19
1774295762038 0.9978289008140564 20
1774295785662 0.9977489709854126 21
1774295296853 0.8964829444885254 0
