1774295296849 12.055386832639188 0
1774295320457 7.411273009466701 1
1774295344350 6.3645984838860015 2
1774295366343 4.579037311775994 3
1774295390319 3.625180075546477 4
1774295414243 2.8168189054650465 5
1774295436476 2.548374974684197 6
1774295460442 2.7444529508372213 7
1774295483494 2.479516226436739 8
1774295506642 2.2954011716912284 9
1774295530418 2.4331693080157257 10
1774295552991 2.1231197565759072 11
1774295576489 2.0659306056285986 12
1774295600163 2.5727391252511205 13
1774295622369 2.350120228877545 14
1774295646281 1.8263378700250594 15
1774295669446 1.5264077208659599 16
1774295692145 1.9426068713272149 17
1774295715858 2.1193042041560286 18
1774295738366 1.999121413371329 19
1774295762035 1.7458796359213884 20
1774295785660 1.7777301074961482 21
1774295296849 12.055386832639188 0
