1774295296851 7.20815896987915 0
1774295320459 4.416788101196289 1
1774295344351 3.6404809951782227 2
1774295366345 2.6934621334075928 3
1774295390320 2.1688952445983887 4
1774295414244 1.8712244033813477 5
1774295436477 1.589032530784607 6
1774295460444 1.4875867366790771 7
1774295483496 1.6993082761764526 8
1774295506643 1.3497718572616577 9
1774295530419 1.5265852212905884 10
1774295552993 1.3483569622039795 11
1774295576490 1.3203907012939453 12
1774295600164 1.8319441080093384 13
1774295622370 1.747660756111145 14
1774295646282 1.1774979829788208 15
1774295669448 0.9791262745857239 16
1774295692146 1.2716648578643799 17
1774295715859 1.5444765090942383 18
1774295738368 1.250700831413269 19
1774295762037 1.2062368392944336 20
1774295785661 1.1849771738052368 21
1774295296851 7.20815896987915 0
