1774295296846 1089.5953323418366 0
1774295320455 163.39865668276522 1
1774295344348 118.16138674688678 2
1774295366341 89.38292061690743 3
1774295390317 70.93879239102627 4
1774295414241 61.620382106050535 5
1774295436474 56.87710321710465 6
1774295460440 51.18135638947182 7
1774295483491 48.265208497960515 8
1774295506640 45.73642633316365 9
1774295530416 45.14096642216892 10
1774295552988 42.92880227717947 11
1774295576487 40.309340429644216 12
1774295600161 42.481603977528025 13
1774295622367 37.125109297163945 14
1774295646279 38.44110024229009 15
1774295669443 35.31311295556684 16
1774295692143 36.110496811832945 17
1774295715856 35.35862607144295 18
1774295738364 35.18355723983007 19
1774295762033 34.34594491863927 20
1774295785658 33.089357234062035 21
1774295296846 1089.5953323418366 0
