1774222565873 1624.72316331911 0
1774222590710 339.33130431214903 1
1774222615603 157.7870821960754 2
1774222640088 129.95989469759874 3
1774222664782 113.06014129841783 4
1774222689289 101.86854008628605 5
1774222713624 92.29546327003821 6
1774222737995 82.47256730598538 7
1774222762568 72.87165628772806 8
1774222787472 68.18589546597143 9
1774222812444 64.67904396501436 10
1774222837018 59.63800557877577 11
1774222862054 55.744929572310106 12
1774222886269 53.97512305794461 13
1774222911183 53.110307061930065 14
1774222935788 48.39132405120799 15
1774222960799 47.453639650900236 16
1774222984951 47.28913193574166 17
1774223009178 44.1911377105459 18
1774223033363 44.03034163235428 19
1774223058208 44.16392929661095 20
1774223083070 44.5958189274031 21
1774223107268 43.42955217662944 22
