1774292338194 44.919393953224706 0
1774292354483 33.21714226177596 1
1774292370069 19.53632902710918 2
1774292385698 12.016739296307867 3
1774292401247 8.461560565412768 4
1774292416869 7.722917057432157 5
1774292432482 7.191056408264762 6
1774292448456 7.131848440377408 7
1774292465278 6.553067940466743 8
1774292480862 6.827830851698385 9
1774292496328 6.266820931395889 10
1774292511886 6.006414799012217 11
1774292527675 5.703475147106553 12
1774292543317 6.283323031281273 13
1774292559058 5.584672435146554 14
1774292575360 5.929276081433004 15
1774292591495 5.552954895814585 16
1774292606914 5.137815316355346 17
1774292622677 5.335612922503755 18
1774292638126 4.733688657255883 19
1774292653562 5.601618512457488 20
1774292668991 5.458318210415844 21
1774292684748 5.022416599885718 22
1774292701082 5.176265270705314 23
1774292717263 4.93485662466559 24
1774292338194 44.919393953224706 0
