1774292338196 29.61439323425293 0
1774292354484 22.05545425415039 1
1774292370071 12.95622444152832 2
1774292385700 7.624907493591309 3
1774292401248 5.415609836578369 4
1774292416871 4.9265851974487305 5
1774292432483 4.606771945953369 6
1774292448458 4.818440914154053 7
1774292465279 4.187317848205566 8
1774292480864 4.372791767120361 9
1774292496329 3.9859488010406494 10
1774292511887 3.8064584732055664 11
1774292527677 3.73520827293396 12
1774292543318 3.9343583583831787 13
1774292559060 3.3468894958496094 14
1774292575362 3.612654685974121 15
1774292591497 3.3205320835113525 16
1774292606916 3.2271792888641357 17
1774292622679 3.2704553604125977 18
1774292638127 2.8842670917510986 19
1774292653563 3.3818323612213135 20
1774292668993 3.244657516479492 21
1774292684750 3.1545190811157227 22
1774292701084 3.2177038192749023 23
1774292717264 3.0642848014831543 24
1774292338196 29.61439323425293 0
