1774292338191 2282.428390394711 0
1774292354481 1589.860885511899 1
1774292370067 747.0375518798828 2
1774292385696 307.34612333690023 3
1774292401245 197.91446054066327 4
1774292416868 177.04126884244013 5
1774292432480 168.41353512486668 6
1774292448454 162.17820062028602 7
1774292465276 154.76167048461048 8
1774292480861 152.0352643195619 9
1774292496326 147.01828270770133 10
1774292511884 139.8787272433017 11
1774292527674 140.65735883239313 12
1774292543315 137.97660981847883 13
1774292559055 136.14667017240052 14
1774292575358 133.51532440997184 15
1774292591494 129.23915043283017 16
1774292606913 129.40028389464032 17
1774292622676 128.67042925679092 18
1774292638124 126.43797076340263 19
1774292653560 124.90940129165108 20
1774292668990 124.97507672952422 21
1774292684745 124.66189089565412 22
1774292701079 125.0445025153194 23
1774292717261 122.94402877320634 24
1774292338191 2282.428390394711 0
