1774292338198 -0.43720030784606934 0
1774292354486 0.21408778429031372 1
1774292370072 0.7281461954116821 2
1774292385702 0.8971456289291382 3
1774292401250 0.9490023255348206 4
1774292416872 0.9575172662734985 5
1774292432484 0.9631671905517578 6
1774292448460 0.9637712240219116 7
1774292465280 0.9694128632545471 8
1774292480865 0.9667941331863403 9
1774292496330 0.9720267057418823 10
1774292511889 0.974303126335144 11
1774292527678 0.9768298864364624 12
1774292543320 0.9718791842460632 13
1774292559063 0.977785050868988 14
1774292575364 0.9749589562416077 15
1774292591498 0.9780367016792297 16
1774292606917 0.9811978936195374 17
1774292622680 0.9797223210334778 18
1774292638129 0.9840394258499146 19
1774292653565 0.9776500463485718 20
1774292668994 0.9787789583206177 21
1774292684751 0.9820330142974854 22
1774292701086 0.9809154272079468 23
1774292717266 0.9826540350914001 24
1774292338198 -0.43720030784606934 0
