1774208886449 732.8412529918397 0
1774208894489 290.5106302220095 1
1774208902971 119.08150147042933 2
1774208911055 54.09231792075463 3
1774208918981 33.02232562682394 4
1774208927265 22.450286766852 5
1774208935280 17.0748506457159 6
1774208943589 13.782429844289771 7
1774208951922 11.088163894742182 8
1774208960213 9.229867676530226 9
1774208968297 7.885684775830109 10
1774208976390 6.821323622482986 11
1774208984529 5.992781785879278 12
1774208992792 5.440281291571314 13
1774209001061 5.069226486313958 14
1774209009521 4.9114876749511565 15
1774209017675 4.392891915189645 16
1774209025819 4.216264802088555 17
1774209034086 3.8986201264497247 18
1774209042901 3.6521654214319494 19
1774209053535 3.6004164020551026 20
1774209063442 3.3798992072484655 21
1774209074005 3.2467178255071656 22
1774209083470 3.0618056382196714 23
1774209091765 2.862032002696578 24
1774209099906 2.783120698817756 25
1774209108092 2.7068389549033216 26
1774209116270 2.6573475892849254 27
1774209124582 2.3442939722200795 28
1774209132829 2.3970166988261727 29
1774209141181 2.3420399054513 30
1774209149329 2.2695555008588335 31
1774209157573 2.3982746769703565 32
1774209165877 2.1500814155413583 33
1774209174137 2.113471109141129 34
1774209182390 1.99325235254951 35
1774209190439 2.0279659381920405 36
1774209198792 1.912007173563597 37
1774209207435 1.9597567734424763 38
