1774210820430 1961.7496695367747 0
1774210830569 786.3475774933216 1
1774210840344 218.1008095638129 2
1774210850763 130.53339057198778 3
1774210860970 113.40657073923832 4
1774210871438 100.53675295152205 5
1774210882153 91.49679135720861 6
1774210892600 82.32428516127702 7
1774210903133 76.94532930751807 8
1774210913734 72.0413725372162 9
1774210924751 66.7605244006571 10
1774210934803 62.49308051999516 11
1774210944800 61.58804883655415 12
1774210955086 59.90327327303006 13
1774210965446 55.55267419037526 14
1774210975612 55.25788196430428 15
1774210986034 51.312550638360705 16
1774210995975 50.492243815975854 17
1774211005989 48.46869704171941 18
1774211015996 47.572101811997705 19
1774211026095 46.0566526276498 20
1774211036351 45.80083677574323 21
1774211046561 44.05074313158997 22
1774211057229 44.26519612583662 23
1774211067528 42.34893409106974 24
1774211077758 42.665109459850036 25
1774211088241 41.4069582642414 26
1774211098472 41.61739520740985 27
1774211108656 40.50251240976242 28
1774211119691 39.887918697617415 29
1774211130031 39.876090993897094 30
1774211140283 38.83577944077985 31
1774211150497 39.46100112800789 32
1774211160610 36.6812367050501 33
1774211170597 37.63105894523532 34
1774211181211 36.72975792781684 35
1774211191334 36.72274790111675 36
1774211201143 36.22506495204424 37
