1774296660447 0.40381401777267456 0
1774296683357 0.9115151762962341 1
1774296705180 0.9529560208320618 2
1774296728403 0.9643921256065369 3
1774296750466 0.9775760769844055 4
1774296773383 0.9828925728797913 5
1774296796496 0.9888043403625488 6
1774296818090 0.9903179407119751 7
1774296841079 0.9929700493812561 8
1774296862701 0.9944146871566772 9
1774296885745 0.9931523203849792 10
1774296908657 0.9960498809814453 11
1774296930519 0.9948683977127075 12
1774296953631 0.996726393699646 13
1774296975136 0.9954009652137756 14
1774296998328 0.9964274764060974 15
1774297020744 0.9951621294021606 16
1774297042760 0.9964718222618103 17
1774297065886 0.9979777932167053 18
1774297087591 0.9976805448532104 19
1774297110606 0.996405303478241 20
1774297132769 0.9953935742378235 21
1774297155225 0.9965819716453552 22
1774297178358 0.997748613357544 23
1774296660447 0.40381401777267456 0
