1774296660445 19.4248104095459 0
1774296683356 7.13498592376709 1
1774296705179 4.806392669677734 2
1774296728402 4.254084587097168 3
1774296750464 3.345759153366089 4
1774296773382 3.0315873622894287 5
1774296796495 2.3942160606384277 6
1774296818088 2.2784528732299805 7
1774296841077 1.963911771774292 8
1774296862700 1.76079261302948 9
1774296885744 1.684842586517334 10
1774296908655 1.483640193939209 11
1774296930518 1.6510533094406128 12
1774296953629 1.3357832431793213 13
1774296975135 1.8099679946899414 14
1774296998326 1.597618579864502 15
1774297020742 1.630965232849121 16
1774297042758 1.3388209342956543 17
1774297065884 1.0781302452087402 18
1774297087589 1.1598280668258667 19
1774297110605 1.3476670980453491 20
1774297132767 1.822663426399231 21
1774297155224 1.6495469808578491 22
1774297178357 1.0647904872894287 23
1774296660445 19.4248104095459 0
