1774296660444 28.931178018245948 0
1774296683354 11.145760357103875 1
1774296705177 8.126944910699406 2
1774296728401 7.070470582659538 3
1774296750462 5.610880785118719 4
1774296773381 4.900805325405654 5
1774296796494 3.9646028492471097 6
1774296818087 3.6868811912504036 7
1774296841076 3.141598678649205 8
1774296862699 2.8002701935511274 9
1774296885742 3.1006091596079197 10
1774296908653 2.3549448825679256 11
1774296930516 2.6841128095805593 12
1774296953628 2.1438283967121903 13
1774296975133 2.5410190028080932 14
1774296998325 2.2395650700260665 15
1774297020740 2.606167220669519 16
1774297042757 2.22561379013945 17
1774297065883 1.6849419313833307 18
1774297087588 1.8045582250226642 19
1774297110603 2.2464979255916306 20
1774297132765 2.5430588479202747 21
1774297155223 2.1905930586158195 22
1774297178355 1.77787957131834 23
1774296660444 28.931178018245948 0
