1774296660441 1720.3133766769517 0
1774296683353 395.34945251248405 1
1774296705175 166.2786970747278 2
1774296728399 131.21099779115502 3
1774296750459 109.5687496104139 4
1774296773379 94.41659966597321 5
1774296796492 82.82372892663834 6
1774296818085 73.68255592237973 7
1774296841074 67.51164822544612 8
1774296862697 63.52027830840848 9
1774296885741 58.37421737833226 10
1774296908650 53.67994044013057 11
1774296930515 51.1760517587053 12
1774296953626 49.00636858973943 13
1774296975132 46.70991453549541 14
1774296998323 44.218271187856686 15
1774297020737 43.21654698527451 16
1774297042756 42.16305252846251 17
1774297065881 41.33666637095999 18
1774297087586 39.66908989561365 19
1774297110601 40.310507037115435 20
1774297132762 38.848031236770304 21
1774297155221 37.22517288830264 22
1774297178354 37.0468532751638 23
1774296660441 1720.3133766769517 0
