1774212543083 1674.285658342866 0
1774212555566 359.45872086256793 1
1774212568712 166.94178174061705 2
1774212581376 136.95564983450433 3
1774212593980 119.29589919917001 4
1774212606553 103.83423391078752 5
1774212619277 94.70947511898301 6
1774212632242 87.2248903487169 7
1774212644876 80.09523127678031 8
1774212657480 75.17378897516184 9
1774212670042 73.45715516736226 10
1774212682800 68.14221690300101 11
1774212695756 65.42372899999634 12
1774212708478 62.29229415157274 13
1774212721010 58.040741506313125 14
1774212734356 57.28413985215884 15
1774212747753 55.32318520188927 16
1774212761354 53.66111097161266 17
1774212774479 51.62540402785316 18
1774212787358 50.75544183067792 19
1774212800547 48.55854703423981 20
1774212813636 47.5343260677801 21
1774212826795 48.00799962327802 22
1774212839444 48.60697660906342 23
1774212852212 44.87210390849439 24
1774212864945 44.897442835142925 25
1774212877847 42.7938224297395 26
1774212891290 44.48461066387259 27
1774212903982 43.29795344538379 28
1774212916629 40.50306239897717 29
1774212929384 40.13659545149462 30
1774212942271 41.26023350936204 31
1774212955636 41.178245420662215 32
1774212968646 39.09253094398638 33
1774212981700 39.06923613968784 34
1774212995050 37.80656629552857 35
1774213007873 39.142735993802646 36
1774213020844 38.63321150083114 37
1774213033642 36.90623917793871 38
1774213046334 37.64244754619884 39
1774213059043 35.85364760019617 40
1774213071875 36.196709475779095 41
1774213084657 35.154850720169144 42
1774213097672 35.54868029437327 43
1774213110404 36.155649673918916 44
1774213122978 35.45275054715834 45
1774213136363 34.04066651355407 46
1774213149056 34.16867114938238 47
