1774291255564 0.1891689896583557 0
1774291272764 0.8978805541992188 1
1774291289410 0.9557530879974365 2
1774291305794 0.9539744853973389 3
1774291322165 0.9630640149116516 4
1774291337730 0.9698072671890259 5
1774291353383 0.9699236154556274 6
1774291369004 0.9742406010627747 7
1774291384655 0.9688230752944946 8
1774291400292 0.9787003993988037 9
1774291416249 0.9749870896339417 10
1774291433345 0.976564884185791 11
1774291449010 0.9745818376541138 12
1774291464474 0.9786571264266968 13
1774291479970 0.9834533333778381 14
1774291495505 0.982653796672821 15
1774291511059 0.9779456853866577 16
1774291526657 0.9821538329124451 17
1774291542929 0.9848929643630981 18
1774291559167 0.9803755283355713 19
1774291574625 0.9803179502487183 20
1774291590115 0.9822502732276917 21
1774291605867 0.9855378866195679 22
1774291621441 0.9856261014938354 23
1774291636982 0.986142635345459 24
1774291652869 0.9821456074714661 25
1774291669369 0.9864014983177185 26
1774291685247 0.98634934425354 27
1774291700770 0.9853682518005371 28
1774291716340 0.986329972743988 29
1774291731850 0.9861249923706055 30
1774291747382 0.9873340725898743 31
1774291762979 0.9872345924377441 32
1774291779195 0.9848675727844238 33
1774291795669 0.987074613571167 34
1774291811169 0.9874866604804993 35
1774291826742 0.9872679710388184 36
1774291255564 0.1891689896583557 0
