1774291255563 22.053874969482422 0
1774291272763 7.649053573608398 1
1774291289409 5.233835697174072 2
1774291305790 4.9342570304870605 3
1774291322163 4.515338897705078 4
1774291337729 4.097095012664795 5
1774291353382 3.9847211837768555 6
1774291369002 3.786870241165161 7
1774291384654 3.9672555923461914 8
1774291400291 3.4267635345458984 9
1774291416247 3.693577527999878 10
1774291433343 3.5168862342834473 11
1774291449009 3.582869052886963 12
1774291464472 3.3194713592529297 13
1774291479969 2.9969630241394043 14
1774291495503 3.1184933185577393 15
1774291511057 3.441821575164795 16
1774291526655 3.0313799381256104 17
1774291542927 2.8349499702453613 18
1774291559166 3.5153064727783203 19
1774291574624 3.1953041553497314 20
1774291590113 3.144967555999756 21
1774291605865 2.8692638874053955 22
1774291621438 2.924138069152832 23
1774291636981 2.8881635665893555 24
1774291652868 3.3538405895233154 25
1774291669367 2.9247684478759766 26
1774291685246 2.8847105503082275 27
1774291700768 2.979187488555908 28
1774291716339 2.9623639583587646 29
1774291731849 3.090247631072998 30
1774291747381 2.9575564861297607 31
1774291762977 2.8433375358581543 32
1774291779193 3.18951416015625 33
1774291795667 2.9045939445495605 34
1774291811168 2.897737979888916 35
1774291826741 2.978055238723755 36
1774291255563 22.053874969482422 0
