1774291255561 33.73964142252126 0
1774291272761 11.973729942680116 1
1774291289407 7.88164276427029 2
1774291305788 8.038491157418202 3
1774291322162 7.2011244637542875 4
1774291337728 6.510682351349648 5
1774291353380 6.498126713703997 6
1774291369000 6.013716595623747 7
1774291384652 6.61594794507288 8
1774291400289 5.468413598749395 9
1774291416245 5.925942828013016 10
1774291433340 5.735998604661248 11
1774291449008 5.973757256269788 12
1774291464471 5.473965321496144 13
1774291479967 4.8198172687383405 14
1774291495502 4.934887738250562 15
1774291511056 5.56444918310013 16
1774291526654 5.005500247737737 17
1774291542925 4.6053722523552505 18
1774291559165 5.2489706574381305 19
1774291574623 5.256668034281016 20
1774291590111 4.991962648679919 21
1774291605864 4.50599990976116 22
1774291621436 4.492231445097552 23
1774291636980 4.410780937613458 24
1774291652866 5.006657174038343 25
1774291669365 4.369393380177869 26
1774291685245 4.377757048409875 27
1774291700767 4.532349130904324 28
1774291716337 4.380863293438952 29
1774291731848 4.413587372451428 30
1774291747380 4.216908596974136 31
1774291762976 4.2334291872801915 32
1774291779189 4.609243824272242 33
1774291795666 4.2598755484298305 34
1774291811166 4.191426955258155 35
1774291826739 4.2278903983498655 36
1774291255561 33.73964142252126 0
