1774291255560 1933.138932464816 0
1774291272760 499.22683564314605 1
1774291289405 190.55352706097543 2
1774291305786 168.9856819937415 3
1774291322160 158.64988424422893 4
1774291337726 151.8154820381327 5
1774291353379 146.45083484243838 6
1774291368998 141.6316075020648 7
1774291384651 137.21395932190808 8
1774291400287 133.69110135829195 9
1774291416243 130.67510869993384 10
1774291433338 129.65729304915624 11
1774291449006 127.95021502176921 12
1774291464469 123.65115718976826 13
1774291479965 122.87091485152008 14
1774291495500 123.32658783932949 15
1774291511054 120.52318463426955 16
1774291526652 118.49321278781755 17
1774291542922 116.50937732398933 18
1774291559163 115.93714688348432 19
1774291574621 115.94469150245612 20
1774291590109 113.6902461356305 21
1774291605863 113.06648846890064 22
1774291621435 110.5547355354255 23
1774291636978 108.3327176520165 24
1774291652863 107.12935254252548 25
1774291669363 108.54534652385306 26
1774291685243 107.06397787053534 27
1774291700765 106.17866296971098 28
1774291716336 104.7783543607022 29
1774291731846 105.57812159112159 30
1774291747378 106.3115298697289 31
1774291762974 103.12060678089765 32
1774291779187 102.73528770013904 33
1774291795664 104.64776332665842 34
1774291811165 103.38952813926318 35
1774291826738 104.63589386906185 36
1774291255560 1933.138932464816 0
