1774286993671 1064.7373223812021 0
1774287007692 531.679569758422 1
1774287021902 436.7563809333964 2
1774287035912 320.7653188231989 3
1774287049897 253.9741165756334 4
1774287063833 207.57528426799368 5
1774287077770 173.1197220687325 6
1774287091782 140.9508061645724 7
1774287105723 113.74461190243984 8
1774287119750 90.06724297408516 9
1774287133678 71.1648699510182 10
1774287147595 56.75798234195574 11
1774287161605 46.182105247010576 12
1774287175770 37.76842692895984 13
1774287189768 30.591920321714795 14
1774287203691 24.957084327724807 15
1774287217736 20.64006635314184 16
1774287231728 17.378013068057122 17
1774287245875 14.74722222233495 18
1774287259934 12.827634082618335 19
1774287273977 11.31333812331477 20
1774287287911 10.224012805215011 21
1774287301894 9.40385173229461 22
1774287315853 8.618324682222191 23
1774287329933 8.141790886297294 24
1774287343994 7.710025638553268 25
1774287358002 7.260172141359208 26
1774287371942 6.876860086799513 27
1774287385812 6.506479495806052 28
1774287399706 6.188180160860643 29
1774287413711 5.9298682893421635 30
1774287427677 5.609803775523571 31
1774287441584 5.344370328365488 32
1774287455585 5.096682103390389 33
1774287469778 4.873807554972087 34
1774287483833 4.63227903631562 35
1774287497770 4.431233994504239 36
1774287511714 4.281143147049221 37
1774287525596 4.080118712381268 38
1774287539590 3.897935091603732 39
1774287553817 3.7891301726195827 40
1774287567802 3.6080787088854094 41
1774287581774 3.476252431142415 42
1774287595689 3.3820389395064496 43
1774287609775 3.260634962125873 44
1774287623923 3.1889765156921763 45
1774287637887 3.0507754679267287 46
1774287651854 2.939699944663555 47
1774287665906 2.8280074892314615 48
1774287679871 2.7335046208496636 49
1774287693865 2.6762290558916457 50
1774287707859 2.5446069077819797 51
1774287721909 2.4774754632872047 52
1774287735999 2.3791138219072465 53
1774287750091 2.314205245134678 54
1774287764082 2.2307096064513456 55
1774287778203 2.177100487846009 56
1774287792223 2.1346267267321863 57
1774287806191 2.075731564075389 58
1774287820312 2.045707379883908 59
1774287834421 1.9984190047632717 60
1774287848662 1.9511370650419952 61
1774287862790 1.9167522779593231 62
1774287877131 1.8934447775918541 63
1774287891299 1.8305711112123855 64
1774287905474 1.8282342517206855 65
1774287919810 1.7829119332715975 66
1774287933886 1.7699796836426918 67
1774287948058 1.7299374120032533 68
1774287962329 1.7196571645161784 69
1774287976480 1.6961449450212167 70
1774287990466 1.6665830356432192 71
1774288004602 1.6590627945484 72
1774288018652 1.6476448032450168 73
1774288032779 1.627963625792916 74
1774288046739 1.6054917242087372 75
1774288060724 1.5787035962368579 76
1774288075003 1.5800641002595848 77
1774288088891 1.5532678665844262 78
1774288102754 1.532380777576291 79
1774288116625 1.5286540027628555 80
1774288130498 1.5125183340505506 81
1774288144514 1.4893167817846258 82
1774288158544 1.508439059481553 83
1774288172676 1.4685667944504015 84
1774288186777 1.4669599292126108 85
1774288200629 1.459893301235023 86
1774288214733 1.454703909285525 87
1774288228525 1.445837216174349 88
1774288242360 1.4278219803005245 89
1774288256223 1.4295193942937445 90
1774288270206 1.4305487631271916 91
1774288284078 1.4159922172837223 92
1774286993671 1064.7373223812021 0
