1774286993676 0.6055538654327393 0
1774287007696 0.6409579515457153 1
1774287021906 0.7402279376983643 2
1774287035916 0.794554591178894 3
1774287049901 0.8389592170715332 4
1774287063837 0.8649600148200989 5
1774287077774 0.8885355591773987 6
1774287091787 0.9102728962898254 7
1774287105727 0.9282812476158142 8
1774287119754 0.9431120157241821 9
1774287133683 0.9553143978118896 10
1774287147599 0.9637218713760376 11
1774287161609 0.9702903032302856 12
1774287175775 0.9758059978485107 13
1774287189774 0.9803502559661865 14
1774287203696 0.983430027961731 15
1774287217741 0.9867551326751709 16
1774287231732 0.9887136220932007 17
1774287245881 0.9903258085250854 18
1774287259939 0.9915245771408081 19
1774287273982 0.9923581480979919 20
1774287287917 0.9930063486099243 21
1774287301899 0.9937441945075989 22
1774287315858 0.9939760565757751 23
1774287329937 0.9942724108695984 24
1774287343998 0.9947879314422607 25
1774287358007 0.9948166608810425 26
1774287371947 0.995413064956665 27
1774287385817 0.9956580996513367 28
1774287399710 0.9957159161567688 29
1774287413716 0.9959107637405396 30
1774287427681 0.9961784482002258 31
1774287441588 0.9962896704673767 32
1774287455589 0.9966092109680176 33
1774287469782 0.9967132210731506 34
1774287483837 0.9967904090881348 35
1774287497774 0.9965171217918396 36
1774287511718 0.997011661529541 37
1774287525600 0.9972031712532043 38
1774287539595 0.9972161650657654 39
1774287553821 0.9974099397659302 40
1774287567807 0.9974098205566406 41
1774287581779 0.9975887537002563 42
1774287595693 0.9977312684059143 43
1774287609779 0.9976233839988708 44
1774287623927 0.9978248476982117 45
1774287637892 0.9978742003440857 46
1774287651859 0.9979028105735779 47
1774287665911 0.9980795383453369 48
1774287679877 0.9981116056442261 49
1774287693870 0.9982800483703613 50
1774287707864 0.9982334971427917 51
1774287721913 0.9982592463493347 52
1774287736003 0.9983757734298706 53
1774287750096 0.9984689950942993 54
1774287764086 0.9984341859817505 55
1774287778207 0.9985733032226562 56
1774287792227 0.9985539317131042 57
1774287806197 0.9984980821609497 58
1774287820318 0.9984800815582275 59
1774287834427 0.9985871911048889 60
1774287848669 0.9987068176269531 61
1774287862796 0.9987104535102844 62
1774287877137 0.998732328414917 63
1774287891308 0.9987258911132812 64
1774287905481 0.9987549781799316 65
1774287919816 0.9987215995788574 66
1774287933893 0.9986977577209473 67
1774287948065 0.9988088607788086 68
1774287962338 0.9988229274749756 69
1774287976484 0.9987635016441345 70
1774287990470 0.9987931251525879 71
1774288004606 0.9988631010055542 72
1774288018656 0.9988733530044556 73
1774288032784 0.998936116695404 74
1774288046744 0.998897135257721 75
1774288060728 0.9989092946052551 76
1774288075010 0.9987241625785828 77
1774288088896 0.9989377856254578 78
1774288102759 0.998938262462616 79
1774288116629 0.9988961219787598 80
1774288130502 0.9989214539527893 81
1774288144518 0.9989715814590454 82
1774288158550 0.9990147948265076 83
1774288172680 0.9989629983901978 84
1774288186781 0.9988686442375183 85
1774288200634 0.998938798904419 86
1774288214738 0.9990457892417908 87
1774288228529 0.999022364616394 88
1774288242364 0.9989045262336731 89
1774288256228 0.9990060925483704 90
1774288270210 0.998990535736084 91
1774288284083 0.9989525079727173 92
1774286993676 0.6055538654327393 0
