1774286993673 23.532555937782103 0
1774287007693 22.45163530200807 1
1774287021903 19.097277925660553 2
1774287035914 16.983356182069294 3
1774287049899 15.036376079056426 4
1774287063834 13.769128983485745 5
1774287077771 12.50960202493531 6
1774287091784 11.223726916601166 7
1774287105725 10.034404318121293 8
1774287119751 8.936873834189596 9
1774287133680 7.920617359259734 10
1774287147596 7.136703783509211 11
1774287161606 6.458391677428835 12
1774287175772 5.828127618129439 13
1774287189770 5.252349146293059 14
1774287203693 4.823209266218129 15
1774287217738 4.312198130781587 16
1774287231729 3.980637895848017 17
1774287245877 3.6853777710691644 18
1774287259936 3.449493708295015 19
1774287273978 3.2754772450066194 20
1774287287913 3.1334854887143484 21
1774287301896 2.9635828928211323 22
1774287315855 2.9081422941610646 23
1774287329935 2.835708314656673 24
1774287343995 2.7050867624523653 25
1774287358004 2.697613516214161 26
1774287371944 2.537673899136643 27
1774287385814 2.468970470000032 28
1774287399708 2.4524800613012783 29
1774287413713 2.396045498506718 30
1774287427678 2.3163105267821784 31
1774287441585 2.2823482639312243 32
1774287455587 2.181847380673935 33
1774287469779 2.1481250882585745 34
1774287483835 2.1227583561931493 35
1774287497771 2.2112772650194157 36
1774287511715 2.0482921790304944 37
1774287525598 1.981558535646649 38
1774287539592 1.9769500834907632 39
1774287553819 1.90692039333191 40
1774287567804 1.9069627148644461 41
1774287581776 1.839899795229345 42
1774287595691 1.7847114526380017 43
1774287609776 1.8266565669028823 44
1774287623924 1.7475160272215298 45
1774287637889 1.7275696315616111 46
1774287651855 1.715909657027526 47
1774287665907 1.6420091149220026 48
1774287679874 1.628249733625988 49
1774287693867 1.5539358804600192 50
1774287707861 1.5748332222935706 51
1774287721910 1.5633188772177078 52
1774287736001 1.5100756643929378 53
1774287750093 1.4660981770749146 54
1774287764083 1.482668166376517 55
1774287778204 1.4152846982065266 56
1774287792225 1.4248456001290644 57
1774287806193 1.452108950870128 58
1774287820314 1.460774050458287 59
1774287834423 1.4083762307189185 60
1774287848664 1.3474389384771763 61
1774287862792 1.3455184566205802 62
1774287877133 1.3340581870707433 63
1774287891304 1.33744878225213 64
1774287905477 1.3221004952079158 65
1774287919812 1.3396966258424023 66
1774287933889 1.3521384186341139 67
1774287948061 1.2931605539647362 68
1774287962333 1.2855276481328881 69
1774287976482 1.3175518360110816 70
1774287990468 1.3016834967563522 71
1774288004603 1.2633850621190466 72
1774288018653 1.257674025975007 73
1774288032781 1.2221315860857602 74
1774288046741 1.2443182083421247 75
1774288060726 1.237465237601261 76
1774288075006 1.3383505817187036 77
1774288088893 1.2211983370517538 78
1774288102756 1.2209015951938098 79
1774288116626 1.2448954306200626 80
1774288130500 1.2305470759575865 81
1774288144516 1.2016017237735985 82
1774288158546 1.1760927212324086 83
1774288172677 1.206618500787961 84
1774288186778 1.2602869655406976 85
1774288200631 1.220603853385327 86
1774288214735 1.1574249998804267 87
1774288228526 1.1715603723962025 88
1774288242362 1.2401430591998224 89
1774288256225 1.18125699964599 90
1774288270207 1.1904635843109077 91
1774288284080 1.2126857811873788 92
1774286993673 23.532555937782103 0
