1774286993674 14.430408477783203 0
1774287007695 13.249161720275879 1
1774287021905 11.04771614074707 2
1774287035915 10.18686294555664 3
1774287049900 9.039263725280762 4
1774287063836 8.29206371307373 5
1774287077772 7.380073070526123 6
1774287091786 6.565741539001465 7
1774287105726 5.711719036102295 8
1774287119753 5.093340873718262 9
1774287133681 4.485733509063721 10
1774287147598 4.068642616271973 11
1774287161608 3.736943006515503 12
1774287175774 3.377495765686035 13
1774287189772 3.1093595027923584 14
1774287203694 2.9188599586486816 15
1774287217739 2.536907434463501 16
1774287231731 2.356454849243164 17
1774287245879 2.1733767986297607 18
1774287259937 2.0216989517211914 19
1774287273980 1.9295631647109985 20
1774287287915 1.812559723854065 21
1774287301897 1.6739299297332764 22
1774287315856 1.6158332824707031 23
1774287329936 1.5769972801208496 24
1774287343997 1.4710804224014282 25
1774287358006 1.4474860429763794 26
1774287371946 1.3500531911849976 27
1774287385816 1.3065526485443115 28
1774287399709 1.3059089183807373 29
1774287413715 1.2813583612442017 30
1774287427680 1.2426506280899048 31
1774287441587 1.2166775465011597 32
1774287455588 1.149243712425232 33
1774287469780 1.149920105934143 34
1774287483836 1.1451112031936646 35
1774287497773 1.2266764640808105 36
1774287511717 1.1356799602508545 37
1774287525599 1.0739275217056274 38
1774287539593 1.109062910079956 39
1774287553820 1.0549635887145996 40
1774287567806 1.0847169160842896 41
1774287581777 1.0403366088867188 42
1774287595692 0.9939702749252319 43
1774287609778 1.0327174663543701 44
1774287623926 0.9955670237541199 45
1774287637890 1.011785626411438 46
1774287651857 1.0272367000579834 47
1774287665909 0.9518689513206482 48
1774287679876 0.9647903442382812 49
1774287693868 0.9041642546653748 50
1774287707862 0.9233181476593018 51
1774287721912 0.9298146963119507 52
1774287736002 0.9076716303825378 53
1774287750094 0.879170835018158 54
1774287764084 0.8813954591751099 55
1774287778205 0.8392844796180725 56
1774287792226 0.8547353744506836 57
1774287806195 0.8784140348434448 58
1774287820316 0.9026780724525452 59
1774287834425 0.8468048572540283 60
1774287848667 0.8132423758506775 61
1774287862794 0.8250855207443237 62
1774287877135 0.8201267123222351 63
1774287891306 0.8180273175239563 64
1774287905479 0.8013512492179871 65
1774287919814 0.8148956894874573 66
1774287933890 0.8266693949699402 67
1774287948063 0.7984713315963745 68
1774287962335 0.7967142462730408 69
1774287976483 0.8164600729942322 70
1774287990469 0.8006513714790344 71
1774288004605 0.7622304558753967 72
1774288018655 0.7706384658813477 73
1774288032782 0.7386425137519836 74
1774288046742 0.7512263655662537 75
1774288060727 0.7480887174606323 76
1774288075008 0.8156344294548035 77
1774288088894 0.740683376789093 78
1774288102758 0.7392612099647522 79
1774288116628 0.76498943567276 80
1774288130501 0.7705262899398804 81
1774288144517 0.7316494584083557 82
1774288158548 0.7134650349617004 83
1774288172679 0.7625260949134827 84
1774288186780 0.8238970637321472 85
1774288200633 0.7600464224815369 86
1774288214737 0.6936814188957214 87
1774288228527 0.7103539705276489 88
1774288242363 0.7598266005516052 89
1774288256226 0.7206913828849792 90
1774288270208 0.7253934741020203 91
1774288284081 0.766450822353363 92
1774286993674 14.430408477783203 0
