1774288819057 22.70525814780783 0
1774288833686 17.59790120181905 1
1774288848224 13.166783843343968 2
1774288862879 10.616562309131515 3
1774288877293 9.147382067774782 4
1774288891753 7.905665681378302 5
1774288906279 6.6819977273215 6
1774288920769 5.7261175006158735 7
1774288935326 4.973406451167612 8
1774288949795 4.4581356301843424 9
1774288964248 3.9422288382196466 10
1774288978706 3.515381936041943 11
1774288993219 3.151632576174234 12
1774289007879 2.863800293219798 13
1774289022249 2.761796791020762 14
1774289036930 2.5264826019430933 15
1774289051686 2.3581126290650753 16
1774289066568 2.286889095758167 17
1774289081429 2.1636767542808655 18
1774289095968 2.0876711381213338 19
1774289110485 1.9939750879160598 20
1774289124877 1.922857762099579 21
1774289139214 1.8294532059040958 22
1774289153542 1.7987028030661247 23
1774289168071 1.660776466752501 24
1774289182471 1.588947090151495 25
1774289196817 1.6022299515494685 26
1774289211170 1.5304825085522458 27
1774289225639 1.4440667634730584 28
1774289240032 1.4047787493472468 29
1774289254528 1.3829599075629466 30
1774289268863 1.357289786738833 31
1774289283183 1.3315442221299565 32
1774289297588 1.2934530221395257 33
1774289311867 1.3366156301402772 34
1774289326414 1.269067251069269 35
1774289340922 1.2202121571255187 36
1774289355619 1.2355360051755448 37
1774289370271 1.2082714634983294 38
1774289385110 1.2353470270729492 39
1774289399870 1.172096943501091 40
1774289414263 1.1934055750218469 41
1774289428751 1.16559525520888 42
1774289443070 1.2333420886338977 43
1774289457474 1.146954311777923 44
1774289471982 1.112552819444714 45
1774289486340 1.1734833933139168 46
1774289500630 1.1202368036338657 47
1774289514981 1.144054847489547 48
1774289529406 1.116238063906495 49
1774289543767 1.1402240205133227 50
1774289558194 1.1018232753857966 51
1774289572514 1.1066152066786656 52
1774289586807 1.153466818578226 53
1774289601060 1.0817440491863748 54
1774289615382 1.1493170348045854 55
1774289629850 1.108964064876678 56
1774289644179 1.1094308758485734 57
1774289658737 1.0659265801802285 58
1774289673289 1.104428991909607 59
1774288819057 22.70525814780783 0
