1774288819059 13.56247329711914 0
1774288833687 10.251420021057129 1
1774288848225 7.937743186950684 2
1774288862880 6.238922119140625 3
1774288877295 5.252803802490234 4
1774288891754 4.404860973358154 5
1774288906280 3.6772327423095703 6
1774288920771 3.13855242729187 7
1774288935327 2.7347285747528076 8
1774288949797 2.457472562789917 9
1774288964250 2.1397297382354736 10
1774288978707 1.9039195775985718 11
1774288993220 1.6839805841445923 12
1774289007880 1.504847764968872 13
1774289022250 1.4518786668777466 14
1774289036932 1.3802024126052856 15
1774289051688 1.2196403741836548 16
1774289066570 1.2321614027023315 17
1774289081431 1.1250462532043457 18
1774289095970 1.0964016914367676 19
1774289110486 1.0338622331619263 20
1774289124878 1.0357868671417236 21
1774289139215 0.9909595847129822 22
1774289153544 0.9869833588600159 23
1774289168072 0.899763286113739 24
1774289182472 0.8749338984489441 25
1774289196818 0.9032545685768127 26
1774289211171 0.8884214162826538 27
1774289225641 0.8224346041679382 28
1774289240033 0.8179603219032288 29
1774289254529 0.8022210001945496 30
1774289268864 0.8149538040161133 31
1774289283185 0.7872250080108643 32
1774289297589 0.757326602935791 33
1774289311868 0.8379572033882141 34
1774289326415 0.7685725688934326 35
1774289340924 0.7333733439445496 36
1774289355620 0.7406637668609619 37
1774289370273 0.7344889044761658 38
1774289385112 0.7371575236320496 39
1774289399872 0.6996593475341797 40
1774289414265 0.7350970506668091 41
1774289428753 0.7075848579406738 42
1774289443071 0.7915642857551575 43
1774289457476 0.6978763341903687 44
1774289471984 0.6652904748916626 45
1774289486341 0.7098414897918701 46
1774289500632 0.6815893054008484 47
1774289514982 0.6934239864349365 48
1774289529407 0.6783202886581421 49
1774289543768 0.7078971266746521 50
1774289558195 0.6583964824676514 51
1774289572515 0.6832513213157654 52
1774289586809 0.6981282234191895 53
1774289601061 0.6629221439361572 54
1774289615383 0.6818170547485352 55
1774289629851 0.6645658612251282 56
1774289644181 0.6870280504226685 57
1774289658739 0.635344386100769 58
1774289673291 0.6807644367218018 59
1774288819059 13.56247329711914 0
