1774288819060 0.6328003406524658 0
1774288833688 0.7794173955917358 1
1774288848227 0.8765165209770203 2
1774288862882 0.9197181463241577 3
1774288877296 0.9404004216194153 4
1774288891755 0.9554829597473145 5
1774288906282 0.9681974649429321 6
1774288920773 0.9766455292701721 7
1774288935328 0.9823819994926453 8
1774288949798 0.9858434796333313 9
1774288964251 0.988930344581604 10
1774288978709 0.9911977052688599 11
1774288993221 0.9929251074790955 12
1774289007881 0.9941583871841431 13
1774289022251 0.9945670962333679 14
1774289036933 0.9954534769058228 15
1774289051690 0.9960392713546753 16
1774289066572 0.9962748885154724 17
1774289081433 0.9966654777526855 18
1774289095972 0.9968956112861633 19
1774289110488 0.9971680045127869 20
1774289124879 0.9973664283752441 21
1774289139217 0.9976160526275635 22
1774289153545 0.9976955652236938 23
1774289168073 0.9980354309082031 24
1774289182474 0.9982016682624817 25
1774289196820 0.9981715083122253 26
1774289211173 0.998331606388092 27
1774289225642 0.9985146522521973 28
1774289240034 0.9985944032669067 29
1774289254531 0.9986377358436584 30
1774289268865 0.9986878037452698 31
1774289283186 0.998737096786499 32
1774289297590 0.9988083243370056 33
1774289311869 0.9987275004386902 34
1774289326416 0.9988528490066528 35
1774289340926 0.9989394545555115 36
1774289355622 0.9989126920700073 37
1774289370274 0.9989601373672485 38
1774289385113 0.9989129900932312 39
1774289399874 0.9990214705467224 40
1774289414266 0.9989855885505676 41
1774289428754 0.9990323185920715 42
1774289443073 0.998916506767273 43
1774289457477 0.9990630149841309 44
1774289471986 0.9991183876991272 45
1774289486342 0.9990191459655762 46
1774289500633 0.9991061687469482 47
1774289514984 0.9990677237510681 48
1774289529408 0.9991124868392944 49
1774289543770 0.9990739822387695 50
1774289558197 0.9991352558135986 51
1774289572517 0.9991277456283569 52
1774289586810 0.9990523457527161 53
1774289601062 0.9991664886474609 54
1774289615384 0.9990591406822205 55
1774289629852 0.9991240501403809 56
1774289644182 0.9991232752799988 57
1774289658741 0.9991906881332397 58
1774289673293 0.9991312026977539 59
1774288819060 0.6328003406524658 0
