1774288819056 841.5156464272357 0
1774288833684 410.37277535512936 1
1774288848222 234.26482615910524 2
1774288862877 138.13334929013084 3
1774288877292 97.45716700993532 4
1774288891751 72.70830274811873 5
1774288906278 52.702757402514735 6
1774288920767 37.547772552950164 7
1774288935324 28.20991639888033 8
1774288949794 22.250664205415873 9
1774288964247 17.73118502028445 10
1774288978704 14.187256180648262 11
1774288993217 11.335558412768316 12
1774289007877 9.139985090451884 13
1774289022247 7.6462231062828225 14
1774289036927 6.618686978698622 15
1774289051684 5.914892776638058 16
1774289066566 5.411918005199297 17
1774289081427 4.942553889666889 18
1774289095966 4.523236239210088 19
1774289110483 4.137883422433907 20
1774289124875 3.783068652271379 21
1774289139213 3.5314655003818216 22
1774289153541 3.2350979143000664 23
1774289168069 2.9890302599321865 24
1774289182470 2.723158888994379 25
1774289196815 2.5502637533854084 26
1774289211168 2.3995866849490093 27
1774289225638 2.2683342921395675 28
1774289240030 2.1319128847714013 29
1774289254526 2.032152142719174 30
1774289268861 1.9467692396319505 31
1774289283182 1.8561333819484034 32
1774289297586 1.7680800237976912 33
1774289311865 1.7043695240578753 34
1774289326412 1.6722046819561762 35
1774289340919 1.6053478979895301 36
1774289355616 1.5672235672778272 37
1774289370268 1.5229402963362686 38
1774289385107 1.4816986450278167 39
1774289399868 1.4563951549377847 40
1774289414262 1.4384331360776375 41
1774289428750 1.3975288920791438 42
1774289443068 1.3998201359459694 43
1774289457473 1.3607792428410646 44
1774289471980 1.3628544958559334 45
1774289486338 1.332781011331166 46
1774289500628 1.3223649668143995 47
1774289514979 1.2891748364724167 48
1774289529404 1.2906382279404511 49
1774289543766 1.2723894861150296 50
1774289558192 1.2575641801805362 51
1774289572513 1.2646301246069847 52
1774289586806 1.2408107818229823 53
1774289601058 1.2351934970059293 54
1774289615380 1.2208765530628516 55
1774289629848 1.2215037752761908 56
1774289644178 1.2447506687108507 57
1774289658735 1.1891716922639954 58
1774289673287 1.194492813437543 59
1774288819056 841.5156464272357 0
