1774204509486 840.8234250390788 0
1774204520711 301.36380322245316 1
1774204532971 148.7852081831997 2
1774204543865 86.0513445684398 3
1774204556284 58.49358361572672 4
1774204571705 43.03545179700296 5
1774204584011 33.839774171445214 6
1774204595737 27.938744695730097 7
1774204606702 23.957178785479606 8
1774204616902 20.382610454337172 9
1774204627753 17.273214692482338 10
1774204638865 14.827515061008752 11
1774204649224 12.536828836069725 12
1774204659167 11.088073810602781 13
1774204669503 9.915369862129605 14
1774204680081 9.032979368568459 15
1774204691218 7.977975984183009 16
1774204701997 7.197717841175352 17
1774204713000 6.703694169414222 18
1774204723938 6.229513515450197 19
1774204734351 5.894551806362616 20
1774204744631 5.560190743098838 21
1774204755454 5.38535173879487 22
1774204766682 5.270368235678522 23
1774204777320 4.854648692437297 24
1774204787526 4.886111211062667 25
1774204798944 4.629663914094947 26
1774204809451 4.693924494472002 27
1774204829525 4.406761542731236 28
1774204844326 4.3272512649339365 29
1774204855007 4.1405540064051625 30
1774204865682 4.179285617914057 31
1774204876161 4.113489626648025 32
1774204886725 4.154678091233264 33
1774204898164 3.8833287317621927 34
1774204909534 3.922722361845502 35
1774204920398 3.945478547234305 36
1774204930544 3.9205510505225614 37
1774204941690 3.824583398323884 38
1774204951745 3.6361345257021225 39
1774204962182 3.664556104212553 40
1774204973561 3.720530114435713 41
1774204984623 3.576672204520659 42
1774204995738 3.5726603124780385 43
1774205006015 3.5751646453647963 44
1774205016548 3.462338348791722 45
1774205026871 3.4454097033737106 46
