1774216153994 1893.0809629824316 0
1774216170915 438.15782269622247 1
1774216188457 183.8144095066978 2
1774216205275 167.1032011822337 3
1774216222270 156.16351403412526 4
1774216239750 148.31128323217 5
1774216256705 141.10904328001914 6
1774216273664 140.44348511402302 7
1774216290665 135.74122639940106 8
1774216307835 134.88291910841144 9
1774216324351 132.5310574244342 10
1774216342069 128.6330314166534 11
1774216359500 128.4875985017037 12
1774216375889 127.11738858088083 13
1774216394183 125.19751550353902 14
1774216411754 123.43157198583822 15
1774216429594 123.02514874399601 16
1774216446859 120.3179443283208 17
1774216463721 121.53075633628198 18
1774216480459 119.49262242626628 19
1774216497816 118.39096921136891 20
1774216514505 116.87681782701844 21
1774216531668 113.35784856253575 22
1774216548626 112.93001993087286 23
1774216565856 114.00278250746639 24
1774216583218 112.02051790462754 25
1774216600391 111.96659070362466 26
1774216617558 109.34064165010626 27
