1774215073448 594.138415801545 0
1774215086222 119.02616003864816 1
1774215099700 23.344487018870833 2
1774215112226 11.299728468928281 3
1774215124934 7.922029318309663 4
1774215138163 5.296951576794641 5
1774215151524 4.088735715323399 6
1774215165500 3.2713587843439544 7
1774215179067 3.136695789616437 8
1774215191722 3.0022753855948046 9
1774215205409 2.478482901752491 10
1774215218762 2.4537773054967107 11
1774215231421 2.318764807777278 12
1774215245050 2.3138758106755337 13
1774215258982 2.1543309414842957 14
1774215272790 2.0300893523728787 15
1774215285867 2.084768843135104 16
1774215298241 2.08160647675519 17
1774215311948 2.043300893659798 18
1774215329058 1.8734300668148351 19
