1774206842019 1076.8968803926236 0
1774206852134 504.40484867952824 1
1774206862068 346.76414812186397 2
1774206873155 247.15003380799254 3
1774206883934 185.9881314295104 4
1774206894318 142.86285904362276 5
1774206904636 109.33191618705153 6
1774206914658 88.59913168096304 7
1774206924997 75.35166449396067 8
1774206935946 66.00943252131863 9
1774206946793 60.23187255859375 10
1774206957294 56.333844475262175 11
1774206968134 52.57066160509868 12
1774206978584 49.44635620371078 13
1774206992655 46.30052237423406 14
1774207006984 43.27809143066406 15
1774207021353 39.92992853364611 16
1774207035480 35.47406513004652 17
1774207049429 31.941236911716555 18
1774207062312 29.115744033788086 19
1774207074000 26.263136760565683 20
1774207092777 23.420758483810552 21
1774207109711 21.21492035813419 22
1774207124774 19.5053009042724 23
1774207134937 17.910366580410923 24
1774207145811 16.039329416144906 25
1774207155808 14.679054039686967 26
1774207166552 13.64978598675593 27
1774207177089 12.735774265549544 28
1774207187166 11.878150703506343 29
1774207197450 10.986603313198502 30
1774207208008 10.475310407343402 31
1774207218376 9.792296600024434 32
1774207229330 9.40768666513351 33
1774207239618 8.948461345348898 34
1774207249970 8.528234872960807 35
1774207260621 7.8298867482710595 36
1774207271058 7.394817624433267 37
1774207281572 7.018894757684971 38
1774207292478 6.713130004790777 39
1774207302660 6.486539747869711 40
1774207313252 6.2722593107556746 41
1774207323838 6.053415624948587 42
1774207334209 5.810915507413385 43
1774207344162 5.637566357008034 44
1774207354693 5.530932382021887 45
1774207365667 5.304762029806509 46
1774207376003 5.090658413193587 47
1774207387211 5.0178241225923355 48
1774207397426 4.9442612184661 49
1774207407695 4.749499179757573 50
1774207419000 4.704210797482838 51
1774207430393 4.585207346473478 52
1774207440596 4.567594699970696 53
1774207451049 4.354965977978191 54
1774207461011 4.415360181779909 55
1774207471711 4.298096621889441 56
1774207482838 4.333414637903604 57
1774207493422 4.200597069227755 58
1774207503996 4.11007309475675 59
1774207514127 4.132639973810231 60
1774207524040 4.043406062038885 61
1774207535454 3.9431856261711946 62
1774207546557 3.978469691141671 63
1774207557100 4.047231849933821 64
1774207567183 3.902308592185403 65
1774207577250 3.84638002589221 66
