1774217658919 1388.2710089913621 0
1774217678960 177.680668175518 1
1774217698615 111.05381371217243 2
1774217718104 92.54485666970048 3
1774217738050 78.42836288604482 4
1774217757163 70.16604941775914 5
1774217776643 63.680877920395126 6
1774217795953 56.45918842004659 7
1774217817277 53.047552607023775 8
1774217837410 49.44637339523747 9
1774217858371 48.867460949051996 10
1774217877683 46.90286535113901 11
1774217896885 47.14472794810468 12
1774217916071 44.155611822093384 13
1774217935526 41.07390152079095 14
1774217954632 39.56744834150927 15
1774217974015 40.88332619563911 16
1774217993279 39.519498936150114 17
1774218013177 38.987889510422896 18
1774218032496 37.49225992847005 19
1774218051867 38.10886457954191 20
1774218071971 36.4904730855526 21
1774218091218 37.6975651358606 22
1774218110694 35.2705326810256 23
1774218129696 35.855985485971864 24
1774218149013 34.52000525628469 25
